7,7,-16744449,0,0
7,8,-16744449,0,0
7,9,-16744449,0,0
7,10,-16744449,0,0
7,11,-16744449,0,0
8,6,-16744449,0,0
8,12,-16744449,0,0
9,6,-16744449,0,0
9,12,-16744449,0,0
10,6,-16744449,0,0
10,12,-16744449,0,0
12,6,-72698,1,0
12,7,-72698,1,0
12,8,-72698,1,0
12,9,-72698,1,0
12,10,-72698,1,0
12,11,-72698,1,0
12,12,-72698,1,0
13,9,-72698,1,0
14,9,-72698,1,0
15,6,-72698,1,0
15,7,-72698,1,0
15,8,-72698,1,0
15,9,-72698,1,0
15,10,-72698,1,0
15,11,-72698,1,0
15,12,-72698,1,0
17,4,-3407719,1,1
17,6,-3407719,1,1
17,7,-3407719,1,1
17,8,-3407719,1,1
17,9,-3407719,1,1
17,10,-3407719,1,1
17,11,-3407719,1,1
17,12,-3407719,1,1
19,7,-8018590,1,1
19,8,-8018590,1,1
19,9,-8018590,1,1
19,10,-8018590,1,1
19,11,-8018590,1,1
20,6,-8018590,1,1
20,12,-8018590,1,1
21,6,-8018590,1,1
21,12,-8018590,1,1
22,7,-8018590,1,1
22,8,-8018590,1,1
22,9,-8018590,1,1
22,10,-8018590,1,1
22,11,-8018590,1,1
24,6,-8839373,1,1
24,7,-8839373,1,1
24,8,-8839373,1,1
24,9,-8839373,1,1
24,10,-8839373,1,1
24,11,-8839373,1,1
24,12,-8839373,1,1
25,6,-8839373,1,1
25,12,-8839373,1,1
26,6,-8839373,1,1
26,12,-8839373,1,1
27,7,-8839373,1,1
27,8,-8839373,1,1
27,9,-8839373,1,1
27,10,-8839373,1,1
27,11,-8839373,1,1
29,4,-16777216,0,1
29,6,-16777216,0,1
29,7,-16777216,0,1
29,8,-16777216,0,1
29,9,-16777216,0,1
29,10,-16777216,0,1
29,11,-16777216,0,1
29,12,-16777216,0,1
31,6,-2057691,0,1
31,7,-2057691,0,1
31,8,-2057691,0,1
31,9,-2057691,0,1
31,10,-2057691,0,1
31,11,-2057691,0,1
31,12,-2057691,0,1
32,7,-2057691,0,1
33,8,-2057691,0,1
34,6,-2057691,0,1
34,7,-2057691,0,1
34,8,-2057691,0,1
34,9,-2057691,0,1
34,10,-2057691,0,1
34,11,-2057691,0,1
34,12,-2057691,0,1
36,4,-52378,0,0
36,6,-52378,0,0
36,7,-52378,0,0
36,8,-52378,0,0
36,9,-52378,0,0
36,10,-52378,0,0
36,11,-52378,0,0
36,12,-52378,0,0

