0,0,-9932172,1,0
0,1,-10196109,1,0
0,2,-12960961,1,0
0,3,-11117200,1,0
0,4,-12367794,1,0
0,5,-12367527,1,0
0,6,-12038829,1,0
0,7,-11378589,1,0
0,8,-7760742,1,0
0,9,-6314840,1,0
0,10,-11970978,1,0
0,11,-9275526,1,0
0,12,-10524814,1,0
0,13,-8681844,1,0
0,14,-9143670,1,0
0,15,-7234903,1,0
0,16,-8878958,1,0
0,17,-6444615,1,0
0,18,-5787968,1,0
0,19,-9472639,1,0
0,20,-11579559,1,0
0,21,-10456976,1,0
0,22,-8090731,1,0
0,23,-10064008,1,0
0,24,-9011060,1,0
0,25,-12830917,1,0
0,26,-10985623,1,0
0,27,-11774626,1,0
0,28,-11775659,1,0
0,29,-13025475,1,0
0,30,-11972522,1,0
0,31,-8551032,1,0
0,32,-12302255,1,0
0,33,-11050396,1,0
0,34,-8945527,1,0
0,35,-6840666,1,0
0,36,-9206634,1,0
0,37,-12170401,1,0
0,38,-12892598,1,0
0,39,-11385013,1,0
1,0,-9601151,1,0
1,1,-12563641,1,0
1,2,-7496804,1,0
1,3,-8023140,1,0
1,4,-8878447,1,0
1,5,-9010542,1,0
1,6,-10196109,1,0
1,7,-10528159,1,0
1,8,-8943721,1,0
1,9,-10327443,1,0
1,10,-9997704,1,0
1,11,-9013634,1,0
1,12,-9076602,1,0
1,13,-10590094,1,0
1,14,-9013383,1,0
1,15,-13286060,1,0
1,16,-13222076,1,0
1,17,-7626842,1,0
1,18,-11972009,1,0
1,19,-11443357,1,0
1,20,-8352365,1,0
1,21,-12431544,1,0
1,22,-12894653,1,0
1,23,-8682367,1,0
1,24,-8154984,1,0
1,25,-12236990,1,0
1,26,-12829123,1,0
1,27,-7564389,1,0
1,28,-8023138,1,0
1,29,-9140602,1,0
1,30,-11180702,1,0
1,31,-7696494,1,0
1,32,-7826535,1,0
1,33,-7300444,1,0
1,34,-11905454,1,0
1,35,-7957872,1,0
1,36,-11248559,1,0
1,37,-7168593,1,0
1,38,-10589075,1,0
1,39,-11382449,1,0
2,0,-10722972,1,0
2,1,-8813181,1,0
2,2,-7827561,1,0
2,3,-14208193,1,0
2,4,-7101783,1,0
2,5,-10129290,1,0
2,6,-8485489,1,0
2,7,-11974838,1,0
2,8,-11116960,1,0
2,9,-12828347,1,0
2,10,-10128263,1,0
2,11,-8945020,1,0
2,12,-8617847,1,0
2,13,-10723749,1,0
2,14,-6773584,1,0
2,15,-9077115,1,0
2,16,-13682627,1,0
2,17,-9473667,1,0
2,18,-10722443,1,0
2,19,-8286819,1,0
2,20,-7693657,1,0
2,21,-8811884,1,0
2,22,-8617079,1,0
2,23,-8615283,1,0
2,24,-9668488,1,0
2,25,-12432548,1,0
2,26,-14471112,1,0
2,27,-9011063,1,0
2,28,-9865869,1,0
2,29,-11183004,1,0
2,30,-13880012,1,0
2,31,-12501952,1,0
2,32,-10855317,1,0
2,33,-11185320,1,0
2,34,-9011324,1,0
2,35,-8551286,1,0
2,36,-9079176,1,0
2,37,-11447721,1,0
2,38,-9601402,1,0
2,39,-9010560,1,0
3,0,-12761281,1,0
3,1,-14340306,1,0
3,2,-9076866,1,0
3,3,-9933188,1,0
3,4,-9471364,1,0
3,5,-11576998,1,0
3,6,-9800576,1,0
3,7,-12631230,1,0
3,8,-9470836,1,0
3,9,-7036756,1,0
3,10,-10460310,1,0
3,11,-7628640,1,0
3,12,-12698299,1,0
3,13,-9733766,1,0
3,14,-10988463,1,0
3,15,-8943987,1,0
3,16,-10327444,1,0
3,17,-8813167,1,0
3,18,-9273213,1,0
3,19,-12106940,1,0
3,20,-11972260,1,0
3,21,-8089440,1,0
3,22,-11313313,1,0
3,23,-12435905,1,0
3,24,-9536639,1,0
3,25,-9405304,1,0
3,26,-12303031,1,0
3,27,-8483691,1,0
3,28,-12566973,1,0
3,29,-10984860,1,0
3,30,-13156796,1,0
3,31,-12371657,1,0
3,32,-8549484,1,0
3,33,-13024703,1,0
3,34,-8747637,1,0
3,35,-13813700,1,0
3,36,-10590102,1,0
3,37,-10854819,1,0
3,38,-14208981,1,0
3,39,-7694173,1,0
4,0,-10919317,1,0
4,1,-8350561,1,0
4,2,-12236470,1,0
4,3,-8680300,1,0
4,4,-7826268,1,0
4,5,-8681070,1,0
4,6,-8683123,1,0
4,7,-7300191,1,0
4,8,-13614522,1,0
4,9,-9799547,1,0
4,10,-14143689,1,0
4,11,-12568255,1,0
4,12,-13420736,1,0
4,13,-9404791,1,0
4,14,-10986401,1,0
4,15,-7233369,1,0
4,16,-9536904,1,0
4,17,-14275793,1,0
4,18,-9075836,1,0
4,19,-9605270,1,0
4,20,-13880266,1,0
4,21,-6904909,1,0
4,22,-7366237,1,0
4,23,-8023651,1,0
4,24,-12764354,1,0
4,25,-12366775,1,0
4,26,-10853788,1,0
4,27,-10919060,1,0
4,28,-8089442,1,0
4,29,-7892063,1,0
4,30,-9735298,1,0
4,31,-11379359,1,0
4,32,-8026747,1,0
4,33,-11379870,1,0
4,34,-11050907,1,0
4,35,-11448492,1,0
4,36,-11444384,1,0
4,37,-8484214,1,0
4,38,-11251356,1,0
4,39,-12565433,1,0
5,0,-11776437,1,0
5,1,-13616830,1,0
5,2,-9142144,1,0
5,3,-12758953,1,0
5,4,-10786193,1,0
5,5,-8747374,1,0
5,6,-6377797,1,0
5,7,-11709348,1,0
5,8,-7365733,1,0
5,9,-7499364,1,0
5,10,-12697286,1,0
5,11,-8943470,1,0
5,12,-13025727,1,0
5,13,-9536902,1,0
5,14,-8351850,1,0
5,15,-9997965,1,0
5,16,-11318189,1,0
5,17,-11776946,1,0
5,18,-9341831,1,0
5,19,-9471881,1,0
5,20,-7761247,1,0
5,21,-12432049,1,0
5,22,-9142649,1,0
5,23,-12038839,1,0
5,24,-5389359,1,0
5,25,-10921377,1,0
5,26,-11116700,1,0
5,27,-10589325,1,0
5,28,-9274235,1,0
5,29,-12040120,1,0
5,30,-12500932,1,0
5,31,-11840934,1,0
5,32,-9602430,1,0
5,33,-9341576,1,0
5,34,-9009782,1,0
5,35,-10721691,1,0
5,36,-13158601,1,0
5,37,-10985615,1,0
5,38,-8615275,1,0
5,39,-11707805,1,0
6,0,-8156023,1,0
6,1,-11313050,1,0
6,2,-12959934,1,0
6,3,-9010293,1,0
6,4,-10985122,1,0
6,5,-11445411,1,0
6,6,-12632506,1,0
6,7,-10460048,1,0
6,8,-12235694,1,0
6,9,-9733253,1,0
6,10,-12300447,1,0
6,11,-11909298,1,0
6,12,-11577249,1,0
6,13,-11973547,1,0
6,14,-9078144,1,0
6,15,-11050915,1,0
6,16,-8089958,1,0
6,17,-12630969,1,0
6,18,-7958121,1,0
6,19,-8747888,1,0
6,20,-10458760,1,0
6,21,-11972005,1,0
6,22,-8550769,1,0
6,23,-9800576,1,0
6,24,-9603197,1,0
6,25,-7301746,1,0
6,26,-10460051,1,0
6,27,-8288361,1,0
6,28,-9604225,1,0
6,29,-9469816,1,0
6,30,-10655638,1,0
6,31,-13945799,1,0
6,32,-11182752,1,0
6,33,-10326930,1,0
6,34,-12167594,1,0
6,35,-12827057,1,0
6,36,-11184031,1,0
6,37,-9536385,1,0
6,38,-9273714,1,0
6,39,-11054504,1,0
7,0,-10853015,1,0
7,1,-10326673,1,0
7,2,-11577511,1,0
7,3,-13686485,1,0
7,4,-11779007,1,0
7,5,-10853528,1,0
7,6,-8616304,1,0
7,7,-11709601,1,0
7,8,-10655634,1,0
7,9,-11907243,1,0
7,10,-8746863,1,0
7,11,-10854306,1,0
7,12,-12431782,1,0
7,13,-13287616,1,0
7,14,-11116698,1,0
7,15,-9669252,1,0
7,16,-10457481,1,0
7,17,-8483700,1,0
7,18,-12961473,1,0
7,19,-12629686,1,0
7,20,-8482922,1,0
7,21,-9603200,1,0
7,22,-9339776,1,0
7,23,-12500923,1,0
7,24,-9668222,1,0
7,25,-9865602,1,0
7,26,-10656658,1,0
7,27,-10398375,1,0
7,28,-8944500,1,0
7,29,-12695219,1,0
7,30,-12430776,1,0
7,31,-10658467,1,0
7,32,-8023397,1,0
7,33,-10459799,1,0
7,34,-13158088,1,0
7,35,-8024176,1,0
7,36,-10195095,1,0
7,37,-11840674,1,0
7,38,-10852245,1,0
7,39,-8748912,1,0
8,0,-10788772,1,0
8,1,-11314339,1,0
8,2,-9800846,1,0
8,3,-10263183,1,0
8,4,-12168873,1,0
8,5,-12368810,1,0
8,6,-12500933,1,0
8,7,-10391437,1,0
8,8,-8943997,1,0
8,9,-9010813,1,0
8,10,-6575944,1,0
8,11,-8944240,1,0
8,12,-8550771,1,0
8,13,-12563635,1,0
8,14,-12368054,1,0
8,15,-9208701,1,0
8,16,-9997968,1,0
8,17,-9077117,1,0
8,18,-12300974,1,0
8,19,-8550007,1,0
8,20,-9078645,1,0
8,21,-8156266,1,0
8,22,-11838879,1,0
8,23,-11711414,1,0
8,24,-10721938,1,0
8,25,-6773071,1,0
8,26,-11313566,1,0
8,27,-6838348,1,0
8,28,-11247254,1,0
8,29,-8352616,1,0
8,30,-7827309,1,0
8,31,-11313047,1,0
8,32,-10524823,1,0
8,33,-12827056,1,0
8,34,-9736074,1,0
8,35,-10130064,1,0
8,36,-9209982,1,0
8,37,-8483697,1,0
8,38,-6904906,1,0
8,39,-10460312,1,0
9,0,-8550522,1,0
9,1,-13419191,1,0
9,2,-11642529,1,0
9,3,-11116439,1,0
9,4,-10785172,1,0
9,5,-12368307,1,0
9,6,-14144465,1,0
9,7,-10984852,1,0
9,8,-10260878,1,0
9,9,-9141629,1,0
9,10,-11972005,1,0
9,11,-10193539,1,0
9,12,-13157823,1,0
9,13,-11316656,1,0
9,14,-10393236,1,0
9,15,-11379361,1,0
9,16,-11381161,1,0
9,17,-11580583,1,0
9,18,-11906717,1,0
9,19,-8877945,1,0
9,20,-8090481,1,0
9,21,-10656652,1,0
9,22,-7694686,1,0
9,23,-10984852,1,0
9,24,-10392464,1,0
9,25,-12762806,1,0
9,26,-10589076,1,0
9,27,-8549490,1,0
9,28,-9207939,1,0
9,29,-8945018,1,0
9,30,-11316397,1,0
9,31,-11971496,1,0
9,32,-10588311,1,0
9,33,-11119782,1,0
9,34,-10330780,1,0
9,35,-9142918,1,0
9,36,-6969683,1,0
9,37,-11974065,1,0
9,38,-11708324,1,0
9,39,-13027007,1,0
10,0,-10853274,1,0
10,1,-10721431,1,0
10,2,-8485480,1,0
10,3,-10063248,1,0
10,4,-12566707,1,0
10,5,-11777461,1,0
10,6,-11247003,1,0
10,7,-12564397,1,0
10,8,-12171445,1,0
10,9,-10197916,1,0
10,10,-8486259,1,0
10,11,-9471873,1,0
10,12,-10919822,1,0
10,13,-10524050,1,0
10,14,-7103066,1,0
10,15,-9671821,1,0
10,16,-8155504,1,0
10,17,-12829636,1,0
10,18,-11578039,1,0
10,19,-10132113,1,0
10,20,-8021866,1,0
10,21,-11969951,1,0
10,22,-8549742,1,0
10,23,-8154734,1,0
10,24,-7300702,1,0
10,25,-8354158,1,0
10,26,-9470341,1,0
10,27,-9670532,1,0
10,28,-10263448,1,0
10,29,-7232601,1,0
10,30,-10391694,1,0
10,31,-8023673,1,0
10,32,-8023146,1,0
10,33,-9602432,1,0
10,34,-9602429,1,0
10,35,-11839912,1,0
10,36,-12432556,1,0
10,37,-10986656,1,0
10,38,-10063497,1,0
10,39,-9536385,1,0
11,0,-11379106,1,0
11,1,-10984860,1,0
11,2,-14209484,1,0
11,3,-13484470,1,0
11,4,-9536636,1,0
11,5,-10984870,1,0
11,6,-12169648,1,0
11,7,-13225934,1,0
11,8,-11185840,1,0
11,9,-12826807,1,0
11,10,-7760226,1,0
11,11,-10723221,1,0
11,12,-9272954,1,0
11,13,-10789277,1,0
11,14,-9536128,1,0
11,15,-10787473,1,0
11,16,-8352362,1,0
11,17,-10919321,1,0
11,18,-8353392,1,0
11,19,-8287348,1,0
11,20,-6313550,1,0
11,21,-11840934,1,0
11,22,-8156011,1,0
11,23,-11841965,1,0
11,24,-7102295,1,0
11,25,-9339774,1,0
11,26,-11643293,1,0
11,27,-6840398,1,0
11,28,-10787473,1,0
11,29,-9536637,1,0
11,30,-12300972,1,0
11,31,-10262923,1,0
11,32,-12301234,1,0
11,33,-12434349,1,0
11,34,-10790043,1,0
11,35,-9738394,1,0
11,36,-9207423,1,0
11,37,-9207420,1,0
11,38,-12893370,1,0
11,39,-11838629,1,0
12,0,-8616305,1,0
12,1,-11708584,1,0
12,2,-14080734,1,0
12,3,-13289674,1,0
12,4,-12108225,1,0
12,5,-9603207,1,0
12,6,-9865342,1,0
12,7,-9734785,1,0
12,8,-7629920,1,0
12,9,-10457230,1,0
12,10,-12237489,1,0
12,11,-13484997,1,0
12,12,-9999248,1,0
12,13,-9078649,1,0
12,14,-7365210,1,0
12,15,-9209204,1,0
12,16,-11378079,1,0
12,17,-10396823,1,0
12,18,-8353897,1,0
12,19,-9932424,1,0
12,20,-14076104,1,0
12,21,-11904933,1,0
12,22,-13223618,1,0
12,23,-9604488,1,0
12,24,-8615022,1,0
12,25,-8024688,1,0
12,26,-9471871,1,0
12,27,-10922666,1,0
12,28,-11512998,1,0
12,29,-8613745,1,0
12,30,-12303544,1,0
12,31,-8023651,1,0
12,32,-9207925,1,0
12,33,-6575700,1,0
12,34,-8025969,1,0
12,35,-11115156,1,0
12,36,-12958391,1,0
12,37,-9274496,1,0
12,38,-10260627,1,0
12,39,-11511207,1,0
13,0,-12302001,1,0
13,1,-13750990,1,0
13,2,-12169135,1,0
13,3,-9471364,1,0
13,4,-9208709,1,0
13,5,-8089707,1,0
13,6,-13420235,1,0
13,7,-9800846,1,0
13,8,-8483949,1,0
13,9,-10131594,1,0
13,10,-10985617,1,0
13,11,-8746342,1,0
13,12,-12300208,1,0
13,13,-11643044,1,0
13,14,-9272178,1,0
13,15,-9734018,1,0
13,16,-8749439,1,0
13,17,-12829375,1,0
13,18,-14010052,1,0
13,19,-11249316,1,0
13,20,-12371397,1,0
13,21,-9469814,1,0
13,22,-8222835,1,0
13,23,-12761525,1,0
13,24,-10261389,1,0
13,25,-11313301,1,0
13,26,-7563367,1,0
13,27,-9403261,1,0
13,28,-12565437,1,0
13,29,-11908532,1,0
13,30,-10655888,1,0
13,31,-9865604,1,0
13,32,-12958401,1,0
13,33,-9931146,1,0
13,34,-13026756,1,0
13,35,-10587787,1,0
13,36,-10787984,1,0
13,37,-10261650,1,0
13,38,-9734281,1,0
13,39,-10788511,1,0
14,0,-10261381,1,0
14,1,-13225673,1,0
14,2,-13487825,1,0
14,3,-13356232,1,0
14,4,-10459021,1,0
14,5,-7958125,1,0
14,6,-9273716,1,0
14,7,-9077628,1,0
14,8,-11840924,1,0
14,9,-11185575,1,0
14,10,-13354165,1,0
14,11,-9275774,1,0
14,12,-9275272,1,0
14,13,-11117729,1,0
14,14,-9011062,1,0
14,15,-10457226,1,0
14,16,-9800830,1,0
14,17,-9603199,1,0
14,18,-10852762,1,0
14,19,-12632768,1,0
14,20,-12959931,1,0
14,21,-12238778,1,0
14,22,-9869194,1,0
14,23,-7103323,1,0
14,24,-12039342,1,0
14,25,-8813163,1,0
14,26,-7497574,1,0
14,27,-12366256,1,0
14,28,-8287086,1,0
14,29,-11248025,1,0
14,30,-9997708,1,0
14,31,-7234659,1,0
14,32,-8090222,1,0
14,33,-6508882,1,0
14,34,-11644851,1,0
14,35,-10197405,1,0
14,36,-12628658,1,0
14,37,-9406595,1,0
14,38,-9604740,1,0
14,39,-10260625,1,0
15,0,-7958382,1,0
15,1,-12169126,1,0
15,2,-14406358,1,0
15,3,-10062983,1,0
15,4,-11643044,1,0
15,5,-10919067,1,0
15,6,-10918555,1,0
15,7,-9865344,1,0
15,8,-10458768,1,0
15,9,-11248284,1,0
15,10,-9208188,1,0
15,11,-8877671,1,0
15,12,-11906725,1,0
15,13,-10260108,1,0
15,14,-11251117,1,0
15,15,-11577760,1,0
15,16,-7826535,1,0
15,17,-7826789,1,0
15,18,-10260360,1,0
15,19,-10261642,1,0
15,20,-12108221,1,0
15,21,-11642031,1,0
15,22,-7759196,1,0
15,23,-10523783,1,0
15,24,-8286570,1,0
15,25,-11250093,1,0
15,26,-8813945,1,0
15,27,-7565157,1,0
15,28,-10655887,1,0
15,29,-11510429,1,0
15,30,-10984083,1,0
15,31,-9340800,1,0
15,32,-9865352,1,0
15,33,-10655888,1,0
15,34,-8549995,1,0
15,35,-8812151,1,0
15,36,-9405831,1,0
15,37,-8616817,1,0
15,38,-9339778,1,0
15,39,-9471372,1,0
16,0,-10590103,1,0
16,1,-13088956,1,0
16,2,-13287103,1,0
16,3,-10654607,1,0
16,4,-14537936,1,0
16,5,-11050656,1,0
16,6,-14146258,1,0
16,7,-14210511,1,0
16,8,-12829375,1,0
16,9,-9998728,1,0
16,10,-12697023,1,0
16,11,-12434100,1,0
16,12,-9798520,1,0
16,13,-12433590,1,0
16,14,-8155761,1,0
16,15,-11643806,1,0
16,16,-11578538,1,0
16,17,-6773081,1,0
16,18,-10522505,1,0
16,19,-12699588,1,0
16,20,-11580080,1,0
16,21,-9208188,1,0
16,22,-11249313,1,0
16,23,-12563884,1,0
16,24,-13289676,1,0
16,25,-12434619,1,0
16,26,-10523531,1,0
16,27,-7431009,1,0
16,28,-12170428,1,0
16,29,-8285289,1,0
16,30,-10787484,1,0
16,31,-10920351,1,0
16,32,-12561834,1,0
16,33,-8483699,1,0
16,34,-9141619,1,0
16,35,-11050905,1,0
16,36,-10461088,1,0
16,37,-11116706,1,0
16,38,-7367526,1,0
16,39,-8353140,1,0
17,0,-9669001,1,0
17,1,-12698048,1,0
17,2,-9209981,1,0
17,3,-12366254,1,0
17,4,-9866633,1,0
17,5,-12036008,1,0
17,6,-12697019,1,0
17,7,-12762804,1,0
17,8,-11312535,1,0
17,9,-11379618,1,0
17,10,-11643295,1,0
17,11,-7300177,1,0
17,12,-6709850,1,0
17,13,-8023148,1,0
17,14,-10590102,1,0
17,15,-9537919,1,0
17,16,-12562352,1,0
17,17,-12825511,1,0
17,18,-4934201,1,0
17,19,-9011322,1,0
17,20,-10523797,1,0
17,21,-9734786,1,0
17,22,-12302766,1,0
17,23,-9273969,1,0
17,24,-12040372,1,0
17,25,-11312272,1,0
17,26,-7628907,1,0
17,27,-8352628,1,0
17,28,-10983321,1,0
17,29,-10920351,1,0
17,30,-10330790,1,0
17,31,-11250596,1,0
17,32,-8287090,1,0
17,33,-8879998,1,0
17,34,-7958895,1,0
17,35,-11049377,1,0
17,36,-10984082,1,0
17,37,-9143940,1,0
17,38,-12629685,1,0
17,39,-10525076,1,0
18,0,-11248294,1,0
18,1,-10918806,1,0
18,2,-8878948,1,0
18,3,-8879736,1,0
18,4,-10393753,1,0
18,5,-8286569,1,0
18,6,-9800838,1,0
18,7,-13619655,1,0
18,8,-13156281,1,0
18,9,-9472388,1,0
18,10,-8419183,1,0
18,11,-8353903,1,0
18,12,-13680833,1,0
18,13,-8945269,1,0
18,14,-12102831,1,0
18,15,-9273718,1,0
18,16,-11312021,1,0
18,17,-9273983,1,0
18,18,-12367797,1,0
18,19,-10063499,1,0
18,20,-5590084,1,0
18,21,-9077630,1,0
18,22,-8154984,1,0
18,23,-8025189,1,0
18,24,-8286562,1,0
18,25,-9932173,1,0
18,26,-9734016,1,0
18,27,-8615804,1,0
18,28,-11184298,1,0
18,29,-10523781,1,0
18,30,-7891812,1,0
18,31,-7825508,1,0
18,32,-11184298,1,0
18,33,-7432038,1,0
18,34,-8023398,1,0
18,35,-10195858,1,0
18,36,-10589841,1,0
18,37,-11512998,1,0
18,38,-9668490,1,0
18,39,-9867924,1,0
19,0,-12039083,1,0
19,1,-11642791,1,0
19,2,-9866120,1,0
19,3,-13090488,1,0
19,4,-12169637,1,0
19,5,-12565951,1,0
19,6,-9404789,1,0
19,7,-6182728,1,0
19,8,-11709338,1,0
19,9,-12169396,1,0
19,10,-12435129,1,0
19,11,-8747370,1,0
19,12,-10524836,1,0
19,13,-8416867,1,0
19,14,-11449525,1,0
19,15,-8878706,1,0
19,16,-9142649,1,0
19,17,-10062468,1,0
19,18,-10659496,1,0
19,19,-13552319,1,0
19,20,-13027528,1,0
19,21,-7363920,1,0
19,22,-6641745,1,0
19,23,-7892839,1,0
19,24,-12172207,1,0
19,25,-7825769,1,0
19,26,-8155502,1,0
19,27,-11119277,1,0
19,28,-6114623,1,0
19,29,-12037291,1,0
19,30,-9273480,1,0
19,31,-11841965,1,0
19,32,-8023146,1,0
19,33,-11315360,1,0
19,34,-12103341,1,0
19,35,-11050917,1,0
19,36,-9799808,1,0
19,37,-9603208,1,0
19,38,-11972019,1,0
19,39,-10525593,1,0
20,0,-11313315,1,0
20,1,-11511197,1,0
20,2,-14144720,1,0
20,3,-13224646,1,0
20,4,-12958900,1,0
20,5,-12238528,1,0
20,6,-11710126,1,0
20,7,-12694966,1,0
20,8,-12896191,1,0
20,9,-10656911,1,0
20,10,-12563631,1,0
20,11,-9865867,1,0
20,12,-9337718,1,0
20,13,-10197130,1,0
20,14,-8090210,1,0
20,15,-11115409,1,0
20,16,-7892579,1,0
20,17,-9475733,1,0
20,18,-10654860,1,0
20,19,-9800838,1,0
20,20,-8944500,1,0
20,21,-8816253,1,0
20,22,-8352362,1,0
20,23,-12106691,1,0
20,24,-8285291,1,0
20,25,-9671834,1,0
20,26,-10066328,1,0
20,27,-10720133,1,0
20,28,-11183004,1,0
20,29,-9866369,1,0
20,30,-12237507,1,0
20,31,-9273985,1,0
20,32,-13355721,1,0
20,33,-6905433,1,0
20,34,-12627378,1,0
20,35,-10392983,1,0
20,36,-14078161,1,0
20,37,-12696245,1,0
20,38,-9867660,1,0
20,39,-11445925,1,0
21,0,-10392466,1,0
21,1,-9537407,1,0
21,2,-8617847,1,0
21,3,-8682357,1,0
21,4,-13289148,1,0
21,5,-10525066,1,0
21,6,-12042179,1,0
21,7,-9078659,1,0
21,8,-9404801,1,0
21,9,-11840431,1,0
21,10,-13550780,1,0
21,11,-9273205,1,0
21,12,-10786957,1,0
21,13,-9537927,1,0
21,14,-6970712,1,0
21,15,-6904141,1,0
21,16,-10654609,1,0
21,17,-8352881,1,0
21,18,-7367528,1,0
21,19,-8615537,1,0
21,20,-9469563,1,0
21,21,-8024425,1,0
21,22,-7693397,1,0
21,23,-9076355,1,0
21,24,-8155751,1,0
21,25,-4472634,1,0
21,26,-13682625,1,0
21,27,-9405828,1,0
21,28,-11378840,1,0
21,29,-11447983,1,0
21,30,-11713467,1,0
21,31,-11249573,1,0
21,32,-8024176,1,0
21,33,-13089985,1,0
21,34,-12235957,1,0
21,35,-9009265,1,0
21,36,-14208967,1,0
21,37,-9340800,1,0
21,38,-10589851,1,0
21,39,-14211802,1,0
22,0,-11246995,1,0
22,1,-8815483,1,0
22,2,-10262670,1,0
22,3,-13683908,1,0
22,4,-7300193,1,0
22,5,-9669260,1,0
22,6,-9406591,1,0
22,7,-10724260,1,0
22,8,-6708042,1,0
22,9,-11248282,1,0
22,10,-13619665,1,0
22,11,-7563351,1,0
22,12,-9736076,1,0
22,13,-8023916,1,0
22,14,-9338998,1,0
22,15,-10062182,1,0
22,16,-1446158,1,0
22,17,-3946303,1,0
22,18,-4144960,1,0
22,19,-4407619,1,0
22,20,-4407621,1,0
22,21,-4407105,1,0
22,22,-1972512,1,0
22,23,-3814168,1,0
22,24,-9473934,1,0
22,25,-7103066,1,0
22,26,-8351850,1,0
22,27,-12762051,1,0
22,28,-7564138,1,0
22,29,-13352382,1,0
22,30,-12040120,1,0
22,31,-9734269,1,0
22,32,-9932426,1,0
22,33,-12367278,1,0
22,34,-9012100,1,0
22,35,-11510696,1,0
22,36,-13686477,1,0
22,37,-13487564,1,0
22,38,-13946561,1,0
22,39,-12568006,1,0
23,0,-11838881,1,0
23,1,-9209467,1,0
23,2,-13223367,1,0
23,3,-10394517,1,0
23,4,-9668223,1,0
23,5,-9997958,1,0
23,6,-10261129,1,0
23,7,-7037273,1,0
23,8,-8549482,1,0
23,9,-10261650,1,0
23,10,-9340287,1,0
23,11,-10461329,1,0
23,12,-4404507,1,0
23,13,-4932166,1,0
23,14,-4801863,1,0
23,15,-5263439,1,0
23,16,-5263952,1,0
23,17,-5197899,1,0
23,18,-2632224,1,0
23,19,-4672068,1,0
23,20,-3421746,1,0
23,21,-4934987,1,0
23,22,-4935757,1,0
23,23,-4869194,1,0
23,24,-4802377,1,0
23,25,-4603199,1,0
23,26,-327937,1,0
23,27,-8418158,1,0
23,28,-7693657,1,0
23,29,-9272184,1,0
23,30,-11778488,1,0
23,31,-12894150,1,0
23,32,-12102566,1,0
23,33,-9076088,1,0
23,34,-11316399,1,0
23,35,-12567752,1,0
23,36,-11908786,1,0
23,37,-10262169,1,0
23,38,-13553872,1,0
23,39,-11709364,1,0
24,0,-9208442,1,0
24,1,-9077366,1,0
24,2,-9142910,1,0
24,3,-13881043,1,0
24,4,-10263447,1,0
24,5,-10459534,1,0
24,6,-8680819,1,0
24,7,-9143421,1,0
24,8,-8351585,1,0
24,9,-7957092,1,0
24,10,-3351820,1,0
24,11,-4931643,1,0
24,12,-5328203,1,0
24,13,-6448226,1,0
24,14,-6909028,1,0
24,15,-7107185,1,0
24,16,-7631989,1,0
24,17,-6777959,1,0
24,18,-6646123,1,0
24,19,-6580328,1,0
24,20,-6448996,1,0
24,21,-6251878,1,0
24,22,-6054499,1,0
24,23,-5790812,1,0
24,24,-5461847,1,0
24,25,-5264722,1,0
24,26,-5131596,1,0
24,27,-4867143,1,0
24,28,-393985,1,0
24,29,-7891554,1,0
24,30,-13420235,1,0
24,31,-11049365,1,0
24,32,-11312535,1,0
24,33,-12629939,1,0
24,34,-12766163,1,0
24,35,-13752280,1,0
24,36,-10195344,1,0
24,37,-8222321,1,0
24,38,-10721689,1,0
24,39,-14014171,1,0
25,0,-7628129,1,0
25,1,-10194569,1,0
25,2,-12235169,1,0
25,3,-9275526,1,0
25,4,-14605020,1,0
25,5,-11907507,1,0
25,6,-13025737,1,0
25,7,-9275525,1,0
25,8,-8417894,1,0
25,9,-4273975,1,0
25,10,-5392455,1,0
25,11,-6513760,1,0
25,12,-7500655,1,0
25,13,-8159614,1,0
25,14,-9079435,1,0
25,15,-9276816,1,0
25,16,-9408659,1,0
25,17,-8684938,1,0
25,18,-8159362,1,0
25,19,-7961983,1,0
25,20,-7895161,1,0
25,21,-7566458,1,0
25,22,-7435641,1,0
25,23,-7106933,1,0
25,24,-6777707,1,0
25,25,-6251624,1,0
25,26,-5855580,1,0
25,27,-5264983,1,0
25,28,-5000267,1,0
25,29,-4602942,1,0
25,30,-11246459,1,0
25,31,-7495522,1,0
25,32,-8748665,1,0
25,33,-8879736,1,0
25,34,-12563885,1,0
25,35,-13422804,1,0
25,36,-13356744,1,0
25,37,-11445412,1,0
25,38,-9339523,1,0
25,39,-10391948,1,0
26,0,-10855584,1,0
26,1,-10524034,1,0
26,2,-13221815,1,0
26,3,-9143419,1,0
26,4,-13949144,1,0
26,5,-13883613,1,0
26,6,-13422537,1,0
26,7,-10720633,1,0
26,8,-4403756,1,0
26,9,-5657172,1,0
26,10,-7632248,1,0
26,11,-9342607,1,0
26,12,-10921378,1,0
26,13,-11120296,1,0
26,14,-10527910,1,0
26,15,-10264738,1,0
26,16,-10065819,1,0
26,17,-9081494,1,0
26,18,-8752528,1,0
26,19,-8488074,1,0
26,20,-8487308,1,0
26,21,-7897220,1,0
26,22,-8028289,1,0
26,23,-7897219,1,0
26,24,-7961216,1,0
26,25,-7501430,1,0
26,26,-6778998,1,0
26,27,-5989736,1,0
26,28,-5396569,1,0
26,29,-4672331,1,0
26,30,-4735555,1,0
26,31,-854017,1,0
26,32,-13157061,1,0
26,33,-8486267,1,0
26,34,-11445673,1,0
26,35,-11444376,1,0
26,36,-6904665,1,0
26,37,-10786704,1,0
26,38,-8680825,1,0
26,39,-8813945,1,0
27,0,-11114390,1,0
27,1,-9997188,1,0
27,2,-12500673,1,0
27,3,-13023668,1,0
27,4,-12896707,1,0
27,5,-7499364,1,0
27,6,-10459761,1,0
27,7,-4141353,1,0
27,8,-5985875,1,0
27,9,-8224637,1,0
27,10,-11710644,1,0
27,11,-13291201,1,0
27,12,-12301464,1,0
27,13,-12763843,1,0
27,14,-11513774,1,0
27,15,-10529193,1,0
27,16,-10264998,1,0
27,17,-9936033,1,0
27,18,-9409180,1,0
27,19,-8685714,1,0
27,20,-8488074,1,0
27,21,-8094345,1,0
27,22,-7963013,1,0
27,23,-8159622,1,0
27,24,-8226184,1,0
27,25,-8291461,1,0
27,26,-8159109,1,0
27,27,-7239038,1,0
27,28,-6383727,1,0
27,29,-5593697,1,0
27,30,-4804432,1,0
27,31,-4671045,1,0
27,32,-919298,1,0
27,33,-7167580,1,0
27,34,-10260362,1,0
27,35,-8353402,1,0
27,36,-11248025,1,0
27,37,-9997188,1,0
27,38,-9667971,1,0
27,39,-13750740,1,0
28,0,-11312018,1,0
28,1,-10721938,1,0
28,2,-7696742,1,0
28,3,-12962511,1,0
28,4,-8746608,1,0
28,5,-10196089,1,0
28,6,-3877926,1,0
28,7,-5591630,1,0
28,8,-7566196,1,0
28,9,-12895170,1,0
28,10,-10728092,1,0
28,11,-10663318,1,0
28,12,-9674107,1,0
28,13,-8160350,1,0
28,14,-8154435,1,0
28,15,-12238528,1,0
28,16,-12830412,1,0
28,17,-15658483,1,0
28,18,-15330546,1,0
28,19,-9213088,1,0
28,20,-8752275,1,0
28,21,-8554898,1,0
28,22,-8423564,1,0
28,23,-8489616,1,0
28,24,-9015960,1,0
28,25,-9739432,1,0
28,26,-9937324,1,0
28,27,-9541795,1,0
28,28,-7897483,1,0
28,29,-6449522,1,0
28,30,-5462108,1,0
28,31,-4672846,1,0
28,32,-4735808,1,0
28,33,-1247745,1,0
28,34,-14013134,1,0
28,35,-9339275,1,0
28,36,-9207171,1,0
28,37,-12629685,1,0
28,38,-13025726,1,0
28,39,-9667724,1,0
29,0,-9209212,1,0
29,1,-13286578,1,0
29,2,-9997441,1,0
29,3,-13025978,1,0
29,4,-13157312,1,0
29,5,-3877409,1,0
29,6,-4997436,1,0
29,7,-7106154,1,0
29,8,-9671572,1,0
29,9,-13030346,1,0
29,10,-12572359,1,0
29,11,-11251609,1,0
29,12,-10992810,1,0
29,13,-8356965,1,0
29,14,-5858365,1,0
29,15,-10933963,1,0
29,16,-16053495,1,0
29,17,-14734026,1,0
29,18,-15658735,1,0
29,19,-10988471,1,0
29,20,-9674151,1,0
29,21,-9147807,1,0
29,22,-9344929,1,0
29,23,-10133163,1,0
29,24,-9154001,1,0
29,25,-8033466,1,0
29,26,-7770292,1,0
29,27,-8693702,1,0
29,28,-10661824,1,0
29,29,-7897489,1,0
29,30,-6383989,1,0
29,31,-5396064,1,0
29,32,-4606799,1,0
29,33,-4604222,1,0
29,34,-9666395,1,0
29,35,-12169394,1,0
29,36,-13289925,1,0
29,37,-12695991,1,0
29,38,-10194317,1,0
29,39,-14537936,1,0
30,0,-9866118,1,0
30,1,-9734265,1,0
30,2,-6577234,1,0
30,3,-12829127,1,0
30,4,-3809823,1,0
30,5,-4075305,1,0
30,6,-6249560,1,0
30,7,-8618886,1,0
30,8,-11184819,1,0
30,9,-13558488,1,0
30,10,-12969692,1,0
30,11,-12372660,1,0
30,12,-11779491,1,0
30,13,-9805704,1,0
30,14,-7362888,1,0
30,15,-11396320,1,0
30,16,-12238762,1,0
30,17,-14337985,1,0
30,18,-14802138,1,0
30,19,-12172743,1,0
30,20,-9871018,1,0
30,21,-10332082,1,0
30,22,-10333111,1,0
30,23,-9615067,1,0
30,24,-7768491,1,0
30,25,-7572159,1,0
30,26,-7043998,1,0
30,27,-6715553,1,0
30,28,-9549270,1,0
30,29,-9149106,1,0
30,30,-7371147,1,0
30,31,-6252143,1,0
30,32,-5330271,1,0
30,33,-4671815,1,0
30,34,-4602682,1,0
30,35,-8417894,1,0
30,36,-11640985,1,0
30,37,-11773349,1,0
30,38,-14276306,1,0
30,39,-14012881,1,0
31,0,-13881033,1,0
31,1,-11773598,1,0
31,2,-13029587,1,0
31,3,-12436131,1,0
31,4,-3745566,1,0
31,5,-4997949,1,0
31,6,-7368555,1,0
31,7,-9539734,1,0
31,8,-10857137,1,0
31,9,-13557722,1,0
31,10,-12050651,1,0
31,11,-12170904,1,0
31,12,-10853490,1,0
31,13,-10462343,1,0
31,14,-10597537,1,0
31,15,-13037035,1,0
31,16,-13096132,1,0
31,17,-14537934,1,0
31,18,-14606299,1,0
31,19,-16119288,1,0
31,20,-11385288,1,0
31,21,-11781076,1,0
31,22,-12372185,1,0
31,23,-8955587,1,0
31,24,-7837630,1,0
31,25,-7442095,1,0
31,26,-7510719,1,0
31,27,-7774411,1,0
31,28,-8564177,1,0
31,29,-9478069,1,0
31,30,-7964311,1,0
31,31,-7041667,1,0
31,32,-5660266,1,0
31,33,-4869720,1,0
31,34,-4407621,1,0
31,35,-2101778,1,0
31,36,-13817560,1,0
31,37,-12959163,1,0
31,38,-13816280,1,0
31,39,-13548733,1,0
32,0,-9473415,1,0
32,1,-11577764,1,0
32,2,-9078144,1,0
32,3,-3416597,1,0
32,4,-3812645,1,0
32,5,-5985359,1,0
32,6,-8354681,1,0
32,7,-9473682,1,0
32,8,-9804446,1,0
32,9,-13623000,1,0
32,10,-11916753,1,0
32,11,-12897462,1,0
32,12,-13487540,1,0
32,13,-12433561,1,0
32,14,-13358791,1,0
32,15,-14346984,1,0
32,16,-10986897,1,0
32,17,-15592940,1,0
32,18,-15461869,1,0
32,19,-16185079,1,0
32,20,-11912143,1,0
32,21,-8887751,1,0
32,22,-8227759,1,0
32,23,-9813723,1,0
32,24,-8104147,1,0
32,25,-6259622,1,0
32,26,-8107486,1,0
32,27,-7445957,1,0
32,28,-11977427,1,0
32,29,-9675707,1,0
32,30,-8228774,1,0
32,31,-7569043,1,0
32,32,-6581118,1,0
32,33,-5461860,1,0
32,34,-4738388,1,0
32,35,-4668220,1,0
32,36,-9930632,1,0
32,37,-11445154,1,0
32,38,-13355980,1,0
32,39,-12629698,1,0
33,0,-12826287,1,0
33,1,-9800846,1,0
33,2,-13091252,1,0
33,3,-3416597,1,0
33,4,-4470063,1,0
33,5,-6380634,1,0
33,6,-8486271,1,0
33,7,-8948110,1,0
33,8,-9737116,1,0
33,9,-11119794,1,0
33,10,-12767175,1,0
33,11,-12306623,1,0
33,12,-12963516,1,0
33,13,-13752783,1,0
33,14,-14739173,1,0
33,15,-14541018,1,0
33,16,-13551541,1,0
33,17,-15527149,1,0
33,18,-15527662,1,0
33,19,-16053493,1,0
33,20,-10137036,1,0
33,21,-7900605,1,0
33,22,-7176104,1,0
33,23,-13362928,1,0
33,24,-9356008,1,0
33,25,-8370406,1,0
33,26,-9092839,1,0
33,27,-13624050,1,0
33,28,-12176619,1,0
33,29,-10728395,1,0
33,30,-9215669,1,0
33,31,-8227751,1,0
33,32,-7305873,1,0
33,33,-5988981,1,0
33,34,-5132895,1,0
33,35,-4539718,1,0
33,36,-2297857,1,0
33,37,-10786203,1,0
33,38,-12038831,1,0
33,39,-9339525,1,0
34,0,-10195085,1,0
34,1,-13882583,1,0
34,2,-3219473,1,0
34,3,-3351317,1,0
34,4,-4734252,1,0
34,5,-7102296,1,0
34,6,-8550773,1,0
34,7,-8880518,1,0
34,8,-9342869,1,0
34,9,-10397102,1,0
34,10,-13226955,1,0
34,11,-13229271,1,0
34,12,-13229008,1,0
34,13,-13557461,1,0
34,14,-14606811,1,0
34,15,-13616824,1,0
34,16,-15987702,1,0
34,17,-15658473,1,0
34,18,-16053493,1,0
34,19,-15724528,1,0
34,20,-11392749,1,0
34,21,-10602212,1,0
34,22,-6652329,1,0
34,23,-9683430,1,0
34,24,-15528180,1,0
34,25,-3369109,1,0
34,26,-543341,1,0
34,27,-82790,1,0
34,28,-16220,1,0
34,29,-862821,1,0
34,30,-4415625,1,0
34,31,-8689844,1,0
34,32,-7767461,1,0
34,33,-6646658,1,0
34,34,-5199717,1,0
34,35,-5000018,1,0
34,36,-4206642,1,0
34,37,-12499634,1,0
34,38,-13418426,1,0
34,39,-9142397,1,0
35,0,-13158862,1,0
35,1,-13093317,1,0
35,2,-3088145,1,0
35,3,-3548438,1,0
35,4,-4864043,1,0
35,5,-7496543,1,0
35,6,-8548982,1,0
35,7,-9274506,1,0
35,8,-9278105,1,0
35,9,-10725299,1,0
35,10,-15527408,1,0
35,11,-14147806,1,0
35,12,-13556693,1,0
35,13,-13885655,1,0
35,14,-15199211,1,0
35,15,-15658735,1,0
35,16,-15002086,1,0
35,17,-15855601,1,0
35,18,-15066857,1,0
35,19,-15199472,1,0
35,20,-10930656,1,0
35,21,-10736357,1,0
35,22,-8893401,1,0
35,23,-10472686,1,0
35,24,-2320782,1,0
35,25,-744321,1,0
35,26,-82020,1,0
35,27,-138795,1,0
35,28,-331035,1,0
35,29,-332613,1,0
35,30,-1318253,1,0
35,31,-9083834,1,0
35,32,-8096685,1,0
35,33,-6976138,1,0
35,34,-5921648,1,0
35,35,-5066588,1,0
35,36,-4602164,1,0
35,37,-10656927,1,0
35,38,-13155778,1,0
35,39,-9405051,1,0
36,0,-11447721,1,0
36,1,-13093057,1,0
36,2,-2562317,1,0
36,3,-3285011,1,0
36,4,-4797992,1,0
36,5,-7757407,1,0
36,6,-8548212,1,0
36,7,-8945806,1,0
36,8,-9870760,1,0
36,9,-10989501,1,0
36,10,-13159892,1,0
36,11,-15131360,1,0
36,12,-15395563,1,0
36,13,-15856114,1,0
36,14,-16448251,1,0
36,15,-15263979,1,0
36,16,-14868958,1,0
36,17,-14142386,1,0
36,18,-13685435,1,0
36,19,-14082522,1,0
36,20,-15527401,1,0
36,21,-14412530,1,0
36,22,-13756916,1,0
36,23,-5413066,1,0
36,24,-2652080,1,0
36,25,-743028,1,0
36,26,-345188,1,0
36,27,-268338,1,0
36,28,-726343,1,0
36,29,-1320051,1,0
36,30,-1579871,1,0
36,31,-4146586,1,0
36,32,-8030635,1,0
36,33,-7370391,1,0
36,34,-5988469,1,0
36,35,-5328993,1,0
36,36,-4668475,1,0
36,37,-10258532,1,0
36,38,-15194586,1,0
36,39,-14605536,1,0
37,0,-13814472,1,0
37,1,-10921605,1,0
37,2,-2627342,1,0
37,3,-3088145,1,0
37,4,-4863018,1,0
37,5,-7099993,1,0
37,6,-8022121,1,0
37,7,-8815249,1,0
37,8,-10199474,1,0
37,9,-11581638,1,0
37,10,-13226203,1,0
37,11,-15921907,1,0
37,12,-15987700,1,0
37,13,-16514044,1,0
37,14,-15395822,1,0
37,15,-13749431,1,0
37,16,-12500384,1,0
37,17,-11447179,1,0
37,18,-9344123,1,0
37,19,-7632212,1,0
37,20,-12705234,1,0
37,21,-14408917,1,0
37,22,-15396339,1,0
37,23,-5016000,1,0
37,24,-2978727,1,0
37,25,-2255262,1,0
37,26,-1792922,1,0
37,27,-1722249,1,0
37,28,-2309513,1,0
37,29,-3953845,1,0
37,30,-5070249,1,0
37,31,-4476053,1,0
37,32,-8095399,1,0
37,33,-7173780,1,0
37,34,-6382979,1,0
37,35,-5461606,1,0
37,36,-5195079,1,0
37,37,-2757640,1,0
37,38,-10721176,1,0
37,39,-13153973,1,0
38,0,-10062468,1,0
38,1,-5786412,1,0
38,2,-2101770,1,0
38,3,-2627596,1,0
38,4,-4994091,1,0
38,5,-6704206,1,0
38,6,-8020844,1,0
38,7,-8947348,1,0
38,8,-9016559,1,0
38,9,-9413626,1,0
38,10,-10797566,1,0
38,11,-12966399,1,0
38,12,-15987698,1,0
38,13,-15001836,1,0
38,14,-14281445,1,0
38,15,-12764844,1,0
38,16,-12302753,1,0
38,17,-11447698,1,0
38,18,-11448486,1,0
38,19,-9539950,1,0
38,20,-10921864,1,0
38,21,-14674661,1,0
38,22,-15527410,1,0
38,23,-4881083,1,0
38,24,-3631539,1,0
38,25,-2906272,1,0
38,26,-2444694,1,0
38,27,-1325171,1,0
38,28,-2437233,1,0
38,29,-9548010,1,0
38,30,-7244237,1,0
38,31,-4672405,1,0
38,32,-7701158,1,0
38,33,-7435667,1,0
38,34,-6449279,1,0
38,35,-5790060,1,0
38,36,-4998727,1,0
38,37,-3678241,1,0
38,38,-14208720,1,0
38,39,-9930892,1,0
39,0,-8683638,1,0
39,1,-3745817,1,0
39,2,-1839626,1,0
39,3,-2496526,1,0
39,4,-4599079,1,0
39,5,-6704208,1,0
39,6,-7758187,1,0
39,7,-7109603,1,0
39,8,-7372009,1,0
39,9,-7699434,1,0
39,10,-8358896,1,0
39,11,-9741303,1,0
39,12,-11784191,1,0
39,13,-14342623,1,0
39,14,-13156273,1,0
39,15,-13554119,1,0
39,16,-13356732,1,0
39,17,-11709848,1,0
39,18,-11645338,1,0
39,19,-10787194,1,0
39,20,-10260850,1,0
39,21,-13819354,1,0
39,22,-14344684,1,0
39,23,-5014468,1,0
39,24,-3697071,1,0
39,25,-3501229,1,0
39,26,-2907040,1,0
39,27,-2508947,1,0
39,28,-2370667,1,0
39,29,-4738199,1,0
39,30,-4148356,1,0
39,31,-5592994,1,0
39,32,-7699350,1,0
39,33,-7173004,1,0
39,34,-6514813,1,0
39,35,-5987690,1,0
39,36,-4801863,1,0
39,37,-3941409,1,0
39,38,-13485246,1,0
39,39,-12233639,1,0
40,0,-14474974,1,0
40,1,-3548177,1,0
40,2,-1839626,1,0
40,3,-2167821,1,0
40,4,-4139813,1,0
40,5,-6571853,1,0
40,6,-7362662,1,0
40,7,-6717682,1,0
40,8,-6123227,1,0
40,9,-6910933,1,0
40,10,-6843598,1,0
40,11,-7437275,1,0
40,12,-7898078,1,0
40,13,-15067635,1,0
40,14,-13817812,1,0
40,15,-13028029,1,0
40,16,-13155746,1,0
40,17,-12828583,1,0
40,18,-13096139,1,0
40,19,-13227458,1,0
40,20,-12635329,1,0
40,21,-15528438,1,0
40,22,-13621474,1,0
40,23,-6661339,1,0
40,24,-4426441,1,0
40,25,-3368103,1,0
40,26,-3432620,1,0
40,27,-3366815,1,0
40,28,-2836613,1,0
40,29,-4084907,1,0
40,30,-3356282,1,0
40,31,-8028054,1,0
40,32,-7500940,1,0
40,33,-7171464,1,0
40,34,-7107472,1,0
40,35,-6052714,1,0
40,36,-4800319,1,0
40,37,-3679007,1,0
40,38,-11510694,1,0
40,39,-10653837,1,0
41,0,-12568006,1,0
41,1,-5063457,1,0
41,2,-1642504,1,0
41,3,-2101515,1,0
41,4,-4335393,1,0
41,5,-6111816,1,0
41,6,-7364991,1,0
41,7,-6453728,1,0
41,8,-4671875,1,0
41,9,-6451663,1,0
41,10,-6714333,1,0
41,11,-6845916,1,0
41,12,-7505642,1,0
41,13,-13886459,1,0
41,14,-13684169,1,0
41,15,-13423818,1,0
41,16,-13424847,1,0
41,17,-13295318,1,0
41,18,-13359054,1,0
41,19,-13753299,1,0
41,20,-15395824,1,0
41,21,-14540262,1,0
41,22,-14213611,1,0
41,23,-14148076,1,0
41,24,-5874141,1,0
41,25,-3963564,1,0
41,26,-3768491,1,0
41,27,-4294318,1,0
41,28,-4022427,1,0
41,29,-4546461,1,0
41,30,-7636137,1,0
41,31,-8025995,1,0
41,32,-7368576,1,0
41,33,-7171967,1,0
41,34,-6776957,1,0
41,35,-5790825,1,0
41,36,-4667446,1,0
41,37,-3941409,1,0
41,38,-11049618,1,0
41,39,-12759741,1,0
42,0,-12962249,1,0
42,1,-8617570,1,0
42,2,-1642504,1,0
42,3,-1970441,1,0
42,4,-4005913,1,0
42,5,-6045508,1,0
42,6,-8422560,1,0
42,7,-6322395,1,0
42,8,-6451422,1,0
42,9,-5991354,1,0
42,10,-6586343,1,0
42,11,-6786543,1,0
42,12,-8035054,1,0
42,13,-14937070,1,0
42,14,-14411752,1,0
42,15,-12770522,1,0
42,16,-13428195,1,0
42,17,-13296355,1,0
42,18,-13623261,1,0
42,19,-14738411,1,0
42,20,-14606823,1,0
42,21,-13949926,1,0
42,22,-12702973,1,0
42,23,-11192824,1,0
42,24,-12115967,1,0
42,25,-10477047,1,0
42,26,-6269651,1,0
42,27,-6661328,1,0
42,28,-6662858,1,0
42,29,-9478330,1,0
42,30,-8487833,1,0
42,31,-7564413,1,0
42,32,-7170684,1,0
42,33,-7039609,1,0
42,34,-6776180,1,0
42,35,-5789536,1,0
42,36,-4600370,1,0
42,37,-5126940,1,0
42,38,-13815504,1,0
42,39,-10326155,1,0
43,0,-12304571,1,0
43,1,-9933707,1,0
43,2,-1708040,1,0
43,3,-1904649,1,0
43,4,-3480852,1,0
43,5,-5717570,1,0
43,6,-8555170,1,0
43,7,-9214905,1,0
43,8,-7111398,1,0
43,9,-6916323,1,0
43,10,-7379444,1,0
43,11,-8370943,1,0
43,12,-4168125,1,0
43,13,-1143967,1,0
43,14,-1930149,1,0
43,15,-10539240,1,0
43,16,-14740462,1,0
43,17,-15003376,1,0
43,18,-15724790,1,0
43,19,-9076677,1,0
43,20,-9667784,1,0
43,21,-13422587,1,0
43,22,-10463727,1,0
43,23,-7171247,1,0
43,24,-8029389,1,0
43,25,-11586048,1,0
43,26,-12305371,1,0
43,27,-10924488,1,0
43,28,-9411758,1,0
43,29,-8752028,1,0
43,30,-7762045,1,0
43,31,-6906736,1,0
43,32,-7037809,1,0
43,33,-6906736,1,0
43,34,-6709104,1,0
43,35,-5393235,1,0
43,36,-4469035,1,0
43,37,-11643804,1,0
43,38,-14142147,1,0
43,39,-12501184,1,0
44,0,-11186869,1,0
44,1,-11118240,1,0
44,2,-1773833,1,0
44,3,-1510918,1,0
44,4,-2954767,1,0
44,5,-5256760,1,0
44,6,-8226973,1,0
44,7,-8820141,1,0
44,8,-9609655,1,0
44,9,-10730959,1,0
44,10,-10208726,1,0
44,11,-418704,1,0
44,12,-222352,1,0
44,13,-24195,1,0
44,14,-15449,1,0
44,15,-211051,1,0
44,16,-2058916,1,0
44,17,-15198964,1,0
44,18,-7894207,1,0
44,19,-7170736,1,0
44,20,-1906206,1,0
44,21,-11184624,1,0
44,22,-7169966,1,0
44,23,-5523575,1,0
44,24,-6579625,1,0
44,25,-9677302,1,0
44,26,-10531322,1,0
44,27,-11186377,1,0
44,28,-9672107,1,0
44,29,-8485515,1,0
44,30,-7299176,1,0
44,31,-6969696,1,0
44,32,-6905447,1,0
44,33,-6643816,1,0
44,34,-6183262,1,0
44,35,-5063493,1,0
44,36,-4008485,1,0
44,37,-10522253,1,0
44,38,-11641253,1,0
44,39,-12761010,1,0
45,0,-14673378,1,0
45,1,-11579310,1,0
45,2,-2495756,1,0
45,3,-1379332,1,0
45,4,-2036235,1,0
45,5,-4597541,1,0
45,6,-7829378,1,0
45,7,-8688035,1,0
45,8,-9543344,1,0
45,9,-10532549,1,0
45,10,-2324640,1,0
45,11,-546440,1,0
45,12,-20611,1,0
45,13,-937599,1,0
45,14,-280698,1,0
45,15,-76351,1,0
45,16,-142190,1,0
45,17,-1002628,1,0
45,18,-6980564,1,0
45,19,-6711211,1,0
45,20,-6511260,1,0
45,21,-10459887,1,0
45,22,-7171259,1,0
45,23,-6510498,1,0
45,24,-6643622,1,0
45,25,-8554719,1,0
45,26,-9277429,1,0
45,27,-10462141,1,0
45,28,-9076371,1,0
45,29,-7954548,1,0
45,30,-6837081,1,0
45,31,-6771542,1,0
45,32,-6707553,1,0
45,33,-6708068,1,0
45,34,-5526102,1,0
45,35,-4534318,1,0
45,36,-4269346,1,0
45,37,-14406610,1,0
45,38,-8551033,1,0
45,39,-10919067,1,0
46,0,-10987693,1,0
46,1,-10790562,1,0
46,2,-10264962,1,0
46,3,-1314052,1,0
46,4,-1510918,1,0
46,5,-3349266,1,0
46,6,-5982025,1,0
46,7,-7964050,1,0
46,8,-8623781,1,0
46,9,-6919587,1,0
46,10,-2856882,1,0
46,11,-1274791,1,0
46,12,-1266837,1,0
46,13,-5075911,1,0
46,14,-2451115,1,0
46,15,-211053,1,0
46,16,-345462,1,0
46,17,-85109,1,0
46,18,-13229561,1,0
46,19,-7831499,1,0
46,20,-12705019,1,0
46,21,-10534629,1,0
46,22,-10859758,1,0
46,23,-6971558,1,0
46,24,-9342695,1,0
46,25,-8025279,1,0
46,26,-8355307,1,0
46,27,-9404317,1,0
46,28,-8152438,1,0
46,29,-7229533,1,0
46,30,-6441812,1,0
46,31,-6573398,1,0
46,32,-6640215,1,0
46,33,-6051417,1,0
46,34,-5260872,1,0
46,35,-4204834,1,0
46,36,-6442287,1,0
46,37,-8942960,1,0
46,38,-14143438,1,0
46,39,-12432819,1,0
47,0,-11447734,1,0
47,1,-12172994,1,0
47,2,-13223883,1,0
47,3,-1773833,1,0
47,4,-1379334,1,0
47,5,-1904649,1,0
47,6,-4071706,1,0
47,7,-6178891,1,0
47,8,-7301746,1,0
47,9,-4032144,1,0
47,10,-2459804,1,0
47,11,-1471656,1,0
47,12,-1453426,1,0
47,13,-8225431,1,0
47,14,-1926039,1,0
47,15,-150650,1,0
47,16,-480637,1,0
47,17,-741516,1,0
47,18,-6261960,1,0
47,19,-11975416,1,0
47,20,-11379942,1,0
47,21,-9080275,1,0
47,22,-9670890,1,0
47,23,-10000107,1,0
47,24,-6904504,1,0
47,25,-5783920,1,0
47,26,-8486116,1,0
47,27,-8676979,1,0
47,28,-7294300,1,0
47,29,-6439245,1,0
47,30,-6309199,1,0
47,31,-6244431,1,0
47,32,-6245975,1,0
47,33,-5457221,1,0
47,34,-4403242,1,0
47,35,-4007455,1,0
47,36,-9010558,1,0
47,37,-11576740,1,0
47,38,-10392977,1,0
47,39,-12168108,1,0
48,0,-14542823,1,0
48,1,-12894916,1,0
48,2,-13816793,1,0
48,3,-7433808,1,0
48,4,-1248263,1,0
48,5,-985605,1,0
48,6,-1839626,1,0
48,7,-3611157,1,0
48,8,-6772571,1,0
48,9,-6525846,1,0
48,10,-2915226,1,0
48,11,-2524858,1,0
48,12,-933488,1,0
48,13,-1385828,1,0
48,14,-2388643,1,0
48,15,-945562,1,0
48,16,-616581,1,0
48,17,-1730185,1,0
48,18,-6391232,1,0
48,19,-9736387,1,0
48,20,-13031679,1,0
48,21,-8617666,1,0
48,22,-8945870,1,0
48,23,-8613841,1,0
48,24,-5916039,1,0
48,25,-5520754,1,0
48,26,-9404133,1,0
48,27,-7949145,1,0
48,28,-6699592,1,0
48,29,-6306881,1,0
48,30,-5979203,1,0
48,31,-6178121,1,0
48,32,-5456962,1,0
48,33,-4666674,1,0
48,34,-3875871,1,0
48,35,-4270881,1,0
48,36,-11049373,1,0
48,37,-13878723,1,0
48,38,-10325904,1,0
48,39,-12828347,1,0
49,0,-12896971,1,0
49,1,-12566723,1,0
49,2,-12632770,1,0
49,3,-9539734,1,0
49,4,-2035977,1,0
49,5,-920844,1,0
49,6,-657672,1,0
49,7,-1445638,1,0
49,8,-4932158,1,0
49,9,-8428713,1,0
49,10,-2517119,1,0
49,11,-2657447,1,0
49,12,-3054271,1,0
49,13,-2382751,1,0
49,14,-3172781,1,0
49,15,-2459567,1,0
49,16,-2522019,1,0
49,17,-3440543,1,0
49,18,-7109269,1,0
49,19,-10919891,1,0
49,20,-10988007,1,0
49,21,-7961776,1,0
49,22,-8550081,1,0
49,23,-7365296,1,0
49,24,-5521811,1,0
49,25,-6573732,1,0
49,26,-8541806,1,0
49,27,-11636399,1,0
49,28,-6041145,1,0
49,29,-5976893,1,0
49,30,-5913922,1,0
49,31,-5126457,1,0
49,32,-4402732,1,0
49,33,-4006942,1,0
49,34,-3810328,1,0
49,35,-12037808,1,0
49,36,-12629426,1,0
49,37,-10851216,1,0
49,38,-12697524,1,0
49,39,-14146009,1,0
50,0,-12830149,1,0
50,1,-11648191,1,0
50,2,-13093835,1,0
50,3,-11514285,1,0
50,4,-11778991,1,0
50,5,-1445129,1,0
50,6,-460552,1,0
50,7,-591879,1,0
50,8,-4270376,1,0
50,9,-7507870,1,0
50,10,-8892094,1,0
50,11,-2647692,1,0
50,12,-2586262,1,0
50,13,-3376029,1,0
50,14,-2776459,1,0
50,15,-2711179,1,0
50,16,-3238804,1,0
50,17,-5934272,1,0
50,18,-11252946,1,0
50,19,-11318753,1,0
50,20,-11183331,1,0
50,21,-9080026,1,0
50,22,-13289209,1,0
50,23,-6904753,1,0
50,24,-9666276,1,0
50,25,-6706560,1,0
50,26,-6899622,1,0
50,27,-5781626,1,0
50,28,-6242439,1,0
50,29,-5385525,1,0
50,30,-5057839,1,0
50,31,-4138790,1,0
50,32,-3810078,1,0
50,33,-3678229,1,0
50,34,-8746333,1,0
50,35,-10984852,1,0
50,36,-12959164,1,0
50,37,-12563641,1,0
50,38,-10853274,1,0
50,39,-9405829,1,0
51,0,-13554388,1,0
51,1,-13948378,1,0
51,2,-12963793,1,0
51,3,-12303805,1,0
51,4,-12699842,1,0
51,5,-6644557,1,0
51,6,-1117193,1,0
51,7,-656902,1,0
51,8,-2692886,1,0
51,9,-5721947,1,0
51,10,-7705251,1,0
51,11,-9549001,1,0
51,12,-4755372,1,0
51,13,-4095651,1,0
51,14,-3692935,1,0
51,15,-3231093,1,0
51,16,-4806527,1,0
51,17,-10133176,1,0
51,18,-10199743,1,0
51,19,-10133701,1,0
51,20,-9933767,1,0
51,21,-13162998,1,0
51,22,-8289993,1,0
51,23,-11445224,1,0
51,24,-11644913,1,0
51,25,-11194347,1,0
51,26,-6835629,1,0
51,27,-5582699,1,0
51,28,-5912959,1,0
51,29,-4202016,1,0
51,30,-3809312,1,0
51,31,-3612186,1,0
51,32,-3480598,1,0
51,33,-3942683,1,0
51,34,-11708835,1,0
51,35,-12958650,1,0
51,36,-12630199,1,0
51,37,-13616840,1,0
51,38,-15197673,1,0
51,39,-12037036,1,0
52,0,-13029323,1,0
52,1,-12830147,1,0
52,2,-9803417,1,0
52,3,-10987943,1,0
52,4,-11053736,1,0
52,5,-11842993,1,0
52,6,-3418390,1,0
52,7,-789256,1,0
52,8,-1247748,1,0
52,9,-3545111,1,0
52,10,-5722979,1,0
52,11,-7834786,1,0
52,12,-8889016,1,0
52,13,-9218239,1,0
52,14,-9478841,1,0
52,15,-9609907,1,0
52,16,-8882846,1,0
52,17,-8152945,1,0
52,18,-8616074,1,0
52,19,-9277871,1,0
52,20,-9998017,1,0
52,21,-9668284,1,0
52,22,-11118304,1,0
52,23,-9151444,1,0
52,24,-9140157,1,0
52,25,-9149666,1,0
52,26,-6704553,1,0
52,27,-6112157,1,0
52,28,-6307970,1,0
52,29,-3347736,1,0
52,30,-3152148,1,0
52,31,-3283221,1,0
52,32,-3875869,1,0
52,33,-11576220,1,0
52,34,-13356744,1,0
52,35,-11642790,1,0
52,36,-12563633,1,0
52,37,-11051934,1,0
52,38,-11841453,1,0
52,39,-10590615,1,0
53,0,-14737892,1,0
53,1,-12106940,1,0
53,2,-12632518,1,0
53,3,-14409959,1,0
53,4,-11579830,1,0
53,5,-12699339,1,0
53,6,-11317688,1,0
53,7,-3614742,1,0
53,8,-1051400,1,0
53,9,-1379082,1,0
53,10,-3150865,1,0
53,11,-5060411,1,0
53,12,-6644594,1,0
53,13,-7834786,1,0
53,14,-8360101,1,0
53,15,-7896725,1,0
53,16,-6901332,1,0
53,17,-6435642,1,0
53,18,-7359828,1,0
53,19,-8882080,1,0
53,20,-9343662,1,0
53,21,-9802163,1,0
53,22,-9537967,1,0
53,23,-9538228,1,0
53,24,-8876225,1,0
53,25,-9275316,1,0
53,26,-9006256,1,0
53,27,-6835361,1,0
53,28,-4861001,1,0
53,29,-2822928,1,0
53,30,-3414289,1,0
53,31,-3941409,1,0
53,32,-8088431,1,0
53,33,-8746618,1,0
53,34,-12564146,1,0
53,35,-11907507,1,0
53,36,-11049614,1,0
53,37,-10525343,1,0
53,38,-11643042,1,0
53,39,-14407637,1,0
54,0,-11513778,1,0
54,1,-13882835,1,0
54,2,-13028296,1,0
54,3,-12500420,1,0
54,4,-12106940,1,0
54,5,-11251117,1,0
54,6,-14474713,1,0
54,7,-13684686,1,0
54,8,-8552804,1,0
54,9,-1510918,1,0
54,10,-263173,1,0
54,11,-2298377,1,0
54,12,-3938841,1,0
54,13,-4991532,1,0
54,14,-4991272,1,0
54,15,-4464928,1,0
54,16,-4135445,1,0
54,17,-5057065,1,0
54,18,-5583156,1,0
54,19,-7098972,1,0
54,20,-8154748,1,0
54,21,-7694485,1,0
54,22,-8618419,1,0
54,23,-7359842,1,0
54,24,-6636624,1,0
54,25,-8812473,1,0
54,26,-10259636,1,0
54,27,-5318200,1,0
54,28,-2954769,1,0
54,29,-3611155,1,0
54,30,-4666917,1,0
54,31,-9471622,1,0
54,32,-10591896,1,0
54,33,-13947086,1,0
54,34,-10919070,1,0
54,35,-12894138,1,0
54,36,-10722451,1,0
54,37,-11315884,1,0
54,38,-11248043,1,0
54,39,-13090496,1,0
55,0,-14936300,1,0
55,1,-12171454,1,0
55,2,-13421775,1,0
55,3,-11052461,1,0
55,4,-14015969,1,0
55,5,-14474461,1,0
55,6,-13488079,1,0
55,7,-15263977,1,0
55,8,-12897488,1,0
55,9,-12896189,1,0
55,10,-1839626,1,0
55,11,-1182986,1,0
55,12,-263173,1,0
55,13,-526086,1,0
55,14,-657670,1,0
55,15,-723463,1,0
55,16,-1576200,1,0
55,17,-3151887,1,0
55,18,-4268060,1,0
55,19,-4401702,1,0
55,20,-5651002,1,0
55,21,-5126463,1,0
55,22,-4203296,1,0
55,23,-2756875,1,0
55,24,-4267031,1,0
55,25,-7432829,1,0
55,26,-12570350,1,0
55,27,-2955021,1,0
55,28,-3677461,1,0
55,29,-14012605,1,0
55,30,-10787994,1,0
55,31,-10326931,1,0
55,32,-11908025,1,0
55,33,-13682366,1,0
55,34,-11314077,1,0
55,35,-11905962,1,0
55,36,-9209992,1,0
55,37,-7891562,1,0
55,38,-13156792,1,0
55,39,-8880516,1,0
56,0,-14410978,1,0
56,1,-14408668,1,0
56,2,-13554388,1,0
56,3,-13225682,1,0
56,4,-12040896,1,0
56,5,-13882837,1,0
56,6,-13225170,1,0
56,7,-15132904,1,0
56,8,-12106426,1,0
56,9,-12500419,1,0
56,10,-11647933,1,0
56,11,-12369839,1,0
56,12,-2167821,1,0
56,13,-1314824,1,0
56,14,-394759,1,0
56,15,-788486,1,0
56,16,-1708299,1,0
56,17,-1510407,1,0
56,18,-2692365,1,0
56,19,-3020299,1,0
56,20,-2889228,1,0
56,21,-4008997,1,0
56,22,-3154708,1,0
56,23,-2430482,1,0
56,24,-6515585,1,0
56,25,-4009793,1,0
56,26,-2758944,1,0
56,27,-4996746,1,0
56,28,-11183784,1,0
56,29,-12104886,1,0
56,30,-14013648,1,0
56,31,-13223103,1,0
56,32,-11247773,1,0
56,33,-13487305,1,0
56,34,-10392466,1,0
56,35,-10856873,1,0
56,36,-13881033,1,0
56,37,-14343637,1,0
56,38,-10460051,1,0
56,39,-12037810,1,0
57,0,-13422034,1,0
57,1,-11843772,1,0
57,2,-9934492,1,0
57,3,-12962251,1,0
57,4,-13092299,1,0
57,5,-12368833,1,0
57,6,-12829634,1,0
57,7,-14541545,1,0
57,8,-13290446,1,0
57,9,-12370112,1,0
57,10,-12039607,1,0
57,11,-12436159,1,0
57,12,-13686226,1,0
57,13,-11973296,1,0
57,14,-4471595,1,0
57,15,-2561038,1,0
57,16,-2299149,1,0
57,17,-2101770,1,0
57,18,-2955537,1,0
57,19,-3942943,1,0
57,20,-4337960,1,0
57,21,-4336674,1,0
57,22,-3744022,1,0
57,23,-3745304,1,0
57,24,-4340785,1,0
57,25,-14014153,1,0
57,26,-11382717,1,0
57,27,-10132121,1,0
57,28,-8946341,1,0
57,29,-9933984,1,0
57,30,-13683916,1,0
57,31,-11117730,1,0
57,32,-8487037,1,0
57,33,-12962764,1,0
57,34,-13355200,1,0
57,35,-9669765,1,0
57,36,-8156275,1,0
57,37,-13947608,1,0
57,38,-13291216,1,0
57,39,-12566715,1,0
58,0,-11185838,1,0
58,1,-13816280,1,0
58,2,-12961733,1,0
58,3,-11381677,1,0
58,4,-9539988,1,0
58,5,-13619150,1,0
58,6,-13224653,1,0
58,7,-14541030,1,0
58,8,-12962249,1,0
58,9,-12764352,1,0
58,10,-13027013,1,0
58,11,-12371393,1,0
58,12,-10724519,1,0
58,13,-13027526,1,0
58,14,-12105915,1,0
58,15,-13752280,1,0
58,16,-12501698,1,0
58,17,-12568002,1,0
58,18,-10396055,1,0
58,19,-13883074,1,0
58,20,-10988194,1,0
58,21,-10001038,1,0
58,22,-13950427,1,0
58,23,-12238010,1,0
58,24,-10329502,1,0
58,25,-10527390,1,0
58,26,-11316145,1,0
58,27,-11580596,1,0
58,28,-10591383,1,0
58,29,-10000571,1,0
58,30,-13356489,1,0
58,31,-9275525,1,0
58,32,-11050396,1,0
58,33,-12433599,1,0
58,34,-12566975,1,0
58,35,-9142659,1,0
58,36,-12764882,1,0
58,37,-12172217,1,0
58,38,-12961483,1,0
58,39,-10856610,1,0
59,0,-15001834,1,0
59,1,-10396322,1,0
59,2,-13425107,1,0
59,3,-12764356,1,0
59,4,-12962760,1,0
59,5,-11908532,1,0
59,6,-12503242,1,0
59,7,-13686223,1,0
59,8,-11909045,1,0
59,9,-14541285,1,0
59,10,-13487568,1,0
59,11,-13750736,1,0
59,12,-12500422,1,0
59,13,-10527908,1,0
59,14,-13027524,1,0
59,15,-10791080,1,0
59,16,-14210260,1,0
59,17,-12304580,1,0
59,18,-12435391,1,0
59,19,-9671572,1,0
59,20,-12632770,1,0
59,21,-13488854,1,0
59,22,-13094096,1,0
59,23,-11843770,1,0
59,24,-13029586,1,0
59,25,-10462125,1,0
59,26,-10921387,1,0
59,27,-13553357,1,0
59,28,-12303290,1,0
59,29,-11052198,1,0
59,30,-9605781,1,0
59,31,-10532549,1,0
59,32,-13094096,1,0
59,33,-13094348,1,0
59,34,-13287875,1,0
59,35,-11051944,1,0
59,36,-11381161,1,0
59,37,-9866122,1,0
59,38,-11974068,1,0
59,39,-14211798,1,0
60,0,-13422284,1,0
60,1,-13423831,1,0
60,2,-12960963,1,0
60,3,-11579571,1,0
60,4,-14869732,1,0
60,5,-12632519,1,0
60,6,-13817820,1,0
60,7,-14935525,1,0
60,8,-12436420,1,0
60,9,-13291468,1,0
60,10,-12963281,1,0
60,11,-11975354,1,0
60,12,-13224907,1,0
60,13,-13554390,1,0
60,14,-13620179,1,0
60,15,-13883864,1,0
60,16,-13619665,1,0
60,17,-12434878,1,0
60,18,-11053227,1,0
60,19,-9738394,1,0
60,20,-11580598,1,0
60,21,-10067618,1,0
60,22,-12961481,1,0
60,23,-13289935,1,0
60,24,-11448496,1,0
60,25,-11513776,1,0
60,26,-10395295,1,0
60,27,-12829375,1,0
60,28,-12369337,1,0
60,29,-12436670,1,0
60,30,-11839143,1,0
60,31,-12303294,1,0
60,32,-12303292,1,0
60,33,-10523799,1,0
60,34,-10130581,1,0
60,35,-13156556,1,0
60,36,-10261389,1,0
60,37,-8814458,1,0
60,38,-11449262,1,0
60,39,-11973298,1,0
61,0,-13620183,1,0
61,1,-12831178,1,0
61,2,-13359064,1,0
61,3,-10920099,1,0
61,4,-13420746,1,0
61,5,-12171197,1,0
61,6,-12698048,1,0
61,7,-14148067,1,0
61,8,-13884383,1,0
61,9,-12237761,1,0
61,10,-11909043,1,0
61,11,-11711931,1,0
61,12,-12898513,1,0
61,13,-13291476,1,0
61,14,-13224903,1,0
61,15,-14081762,1,0
61,16,-13159632,1,0
61,17,-11513525,1,0
61,18,-11382703,1,0
61,19,-11645875,1,0
61,20,-11645110,1,0
61,21,-10922417,1,0
61,22,-12303805,1,0
61,23,-12040371,1,0
61,24,-9277843,1,0
61,25,-14079964,1,0
61,26,-8947847,1,0
61,27,-11250091,1,0
61,28,-11248035,1,0
61,29,-13356232,1,0
61,30,-12432306,1,0
61,31,-13289926,1,0
61,32,-11710124,1,0
61,33,-12893370,1,0
61,34,-13948626,1,0
61,35,-13882583,1,0
61,36,-11971765,1,0
61,37,-10723231,1,0
61,38,-14408670,1,0
61,39,-11580329,1,0
62,0,-11053486,1,0
62,1,-13818073,1,0
62,2,-11185840,1,0
62,3,-13685974,1,0
62,4,-11842993,1,0
62,5,-14737122,1,0
62,6,-11448747,1,0
62,7,-10791341,1,0
62,8,-11514037,1,0
62,9,-11776435,1,0
62,10,-12765648,1,0
62,11,-11120299,1,0
62,12,-12566977,1,0
62,13,-14408927,1,0
62,14,-13224907,1,0
62,15,-12106940,1,0
62,16,-14213347,1,0
62,17,-11843770,1,0
62,18,-13291727,1,0
62,19,-12635086,1,0
62,20,-11382449,1,0
62,21,-11712444,1,0
62,22,-10001568,1,0
62,23,-11645364,1,0
62,24,-13620694,1,0
62,25,-11513267,1,0
62,26,-12040120,1,0
62,27,-11711406,1,0
62,28,-9933713,1,0
62,29,-13948119,1,0
62,30,-13750736,1,0
62,31,-11710124,1,0
62,32,-12038829,1,0
62,33,-10000278,1,0
62,34,-9998999,1,0
62,35,-10197152,1,0
62,36,-10459030,1,0
62,37,-12764092,1,0
62,38,-12961220,1,0
62,39,-10394519,1,0
63,0,-13421009,1,0
63,1,-14079192,1,0
63,2,-11777461,1,0
63,3,-14275540,1,0
63,4,-13818073,1,0
63,5,-12960709,1,0
63,6,-13686750,1,0
63,7,-12763592,1,0
63,8,-12106174,1,0
63,9,-10922920,1,0
63,10,-12039611,1,0
63,11,-11250093,1,0
63,12,-11776437,1,0
63,13,-10461090,1,0
63,14,-11908534,1,0
63,15,-10592933,1,0
63,16,-14146272,1,0
63,17,-11711414,1,0
63,18,-11908793,1,0
63,19,-11645624,1,0
63,20,-11447472,1,0
63,21,-10527407,1,0
63,22,-13684693,1,0
63,23,-14277082,1,0
63,24,-11183784,1,0
63,25,-11776437,1,0
63,26,-13026756,1,0
63,27,-10460829,1,0
63,28,-14277341,1,0
63,29,-13946575,1,0
63,30,-10787232,1,0
63,31,-10525343,1,0
63,32,-11314087,1,0
63,33,-13814991,1,0
63,34,-12369085,1,0
63,35,-14540254,1,0
63,36,-13158339,1,0
63,37,-9407111,1,0
63,38,-11646643,1,0
63,39,-9604237,1,0
64,0,-13095120,1,0
64,1,-13750997,1,0
64,2,-12105402,1,0
64,3,-9341578,1,0
64,4,-14278111,1,0
64,5,-12830663,1,0
64,6,-11840179,1,0
64,7,-11776184,1,0
64,8,-13224135,1,0
64,9,-11843768,1,0
64,10,-13620179,1,0
64,11,-13553870,1,0
64,12,-10921898,1,0
64,13,-13686483,1,0
64,14,-11715266,1,0
64,15,-11711668,1,0
64,16,-14081495,1,0
64,17,-13817822,1,0
64,18,-12040120,1,0
64,19,-13818590,1,0
64,20,-10921900,1,0
64,21,-11514805,1,0
64,22,-13028042,1,0
64,23,-11382192,1,0
64,24,-12765385,1,0
64,25,-10987684,1,0
64,26,-12103601,1,0
64,27,-10724001,1,0
64,28,-10789024,1,0
64,29,-9603210,1,0
64,30,-13618639,1,0
64,31,-8880765,1,0
64,32,-11775921,1,0
64,33,-13226704,1,0
64,34,-11316145,1,0
64,35,-11844283,1,0
64,36,-12237761,1,0
64,37,-10329763,1,0
64,38,-14277846,1,0
64,39,-10394782,1,0
65,0,-12040629,1,0
65,1,-11118507,1,0
65,2,-13223113,1,0
65,3,-11512747,1,0
65,4,-13815504,1,0
65,5,-11316136,1,0
65,6,-13750999,1,0
65,7,-11644851,1,0
65,8,-14210262,1,0
65,9,-12106426,1,0
65,10,-14078422,1,0
65,11,-11711155,1,0
65,12,-14342873,1,0
65,13,-11382190,1,0
65,14,-14147808,1,0
65,15,-12040633,1,0
65,16,-12896458,1,0
65,17,-11513778,1,0
65,18,-11316397,1,0
65,19,-11844020,1,0
65,20,-13290696,1,0
65,21,-14671331,1,0
65,22,-11909563,1,0
65,23,-14079190,1,0
65,24,-11119529,1,0
65,25,-12108235,1,0
65,26,-12303294,1,0
65,27,-14475490,1,0
65,28,-10855846,1,0
65,29,-12238780,1,0
65,30,-12040379,1,0
65,31,-10789801,1,0
65,32,-12698050,1,0
65,33,-13620179,1,0
65,34,-14606823,1,0
65,35,-13552330,1,0
65,36,-12631744,1,0
65,37,-13026763,1,0
65,38,-12370114,1,0
65,39,-11051683,1,0
66,0,-14540765,1,0
66,1,-13882585,1,0
66,2,-10591910,1,0
66,3,-12829888,1,0
66,4,-13949146,1,0
66,5,-10922152,1,0
66,6,-11051683,1,0
66,7,-11053225,1,0
66,8,-12172735,1,0
66,9,-12236472,1,0
66,10,-13160139,1,0
66,11,-11776950,1,0
66,12,-12897998,1,0
66,13,-12896961,1,0
66,14,-11448242,1,0
66,15,-14672869,1,0
66,16,-13093321,1,0
66,17,-13948115,1,0
66,18,-14080730,1,0
66,19,-13421771,1,0
66,20,-12041147,1,0
66,21,-13093321,1,0
66,22,-13092297,1,0
66,23,-12172987,1,0
66,24,-12041149,1,0
66,25,-11448496,1,0
66,26,-10592674,1,0
66,27,-13424083,1,0
66,28,-11447474,1,0
66,29,-11515064,1,0
66,30,-11780282,1,0
66,31,-10856357,1,0
66,32,-10265249,1,0
66,33,-11846591,1,0
66,34,-14146525,1,0
66,35,-14475492,1,0
66,36,-9801870,1,0
66,37,-11183523,1,0
66,38,-13158599,1,0
66,39,-9802382,1,0
67,0,-14671840,1,0
67,1,-12765385,1,0
67,2,-12830149,1,0
67,3,-14012368,1,0
67,4,-13684432,1,0
67,5,-11250604,1,0
67,6,-11644851,1,0
67,7,-13027526,1,0
67,8,-12830924,1,0
67,9,-11447731,1,0
67,10,-15066596,1,0
67,11,-12566466,1,0
67,12,-11384500,1,0
67,13,-14344415,1,0
67,14,-12502211,1,0
67,15,-13488079,1,0
67,16,-12830925,1,0
67,17,-11513263,1,0
67,18,-12238526,1,0
67,19,-12566203,1,0
67,20,-12370364,1,0
67,21,-14146525,1,0
67,22,-11909047,1,0
67,23,-9803669,1,0
67,24,-14539741,1,0
67,25,-12370366,1,0
67,26,-14146009,1,0
67,27,-12632768,1,0
67,28,-13947866,1,0
67,29,-13948119,1,0
67,30,-12566725,1,0
67,31,-13684947,1,0
67,32,-12566973,1,0
67,33,-14014937,1,0
67,34,-12767442,1,0
67,35,-12499390,1,0
67,36,-12303805,1,0
67,37,-13816792,1,0
67,38,-13358038,1,0
67,39,-13750746,1,0
68,0,-13025986,1,0
68,1,-14211289,1,0
68,2,-13948626,1,0
68,3,-11581109,1,0
68,4,-11185070,1,0
68,5,-13686226,1,0
68,6,-13421773,1,0
68,7,-11844283,1,0
68,8,-12962764,1,0
68,9,-11842228,1,0
68,10,-12171706,1,0
68,11,-14145496,1,0
68,12,-13489371,1,0
68,13,-11843003,1,0
68,14,-13554901,1,0
68,15,-12106174,1,0
68,16,-10856359,1,0
68,17,-12370114,1,0
68,18,-11184298,1,0
68,19,-12499644,1,0
68,20,-13027274,1,0
68,21,-14474972,1,0
68,22,-12435907,1,0
68,23,-14079703,1,0
68,24,-11842993,1,0
68,25,-11447731,1,0
68,26,-14935012,1,0
68,27,-11976639,1,0
68,28,-11975358,1,0
68,29,-11645623,1,0
68,30,-12107455,1,0
68,31,-13553872,1,0
68,32,-14145245,1,0
68,33,-11711416,1,0
68,34,-12766666,1,0
68,35,-11449264,1,0
68,36,-10132123,1,0
68,37,-14540516,1,0
68,38,-10461601,1,0
68,39,-10921898,1,0
69,0,-14013397,1,0
69,1,-12106426,1,0
69,2,-12959944,1,0
69,3,-11974327,1,0
69,4,-9935005,1,0
69,5,-11579830,1,0
69,6,-12304321,1,0
69,7,-13223367,1,0
69,8,-13883605,1,0
69,9,-12698050,1,0
69,10,-14213347,1,0
69,11,-10395806,1,0
69,12,-13158349,1,0
69,13,-14146527,1,0
69,14,-11514807,1,0
69,15,-12565951,1,0
69,16,-13554647,1,0
69,17,-14343906,1,0
69,18,-12766666,1,0
69,19,-13027276,1,0
69,20,-12764870,1,0
69,21,-13619411,1,0
69,22,-12633799,1,0
69,23,-14345447,1,0
69,24,-14672099,1,0
69,25,-14213858,1,0
69,26,-12434365,1,0
69,27,-13882583,1,0
69,28,-12895690,1,0
69,29,-12435137,1,0
69,30,-13553618,1,0
69,31,-9737365,1,0
69,32,-12763584,1,0
69,33,-12501952,1,0
69,34,-14409432,1,0
69,35,-13685204,1,0
69,36,-11909045,1,0
69,37,-11579567,1,0
69,38,-11447731,1,0
69,39,-12895942,1,0
70,0,-12566975,1,0
70,1,-12897487,1,0
70,2,-12434878,1,0
70,3,-10526879,1,0
70,4,-12698052,1,0
70,5,-10132384,1,0
70,6,-12632516,1,0
70,7,-13751765,1,0
70,8,-10725038,1,0
70,9,-11315884,1,0
70,10,-10789801,1,0
70,11,-12437190,1,0
70,12,-13424344,1,0
70,13,-12961483,1,0
70,14,-13554901,1,0
70,15,-12303554,1,0
70,16,-14080991,1,0
70,17,-12961224,1,0
70,18,-11447981,1,0
70,19,-11776689,1,0
70,20,-11053484,1,0
70,21,-13687004,1,0
70,22,-11514805,1,0
70,23,-13227225,1,0
70,24,-12962764,1,0
70,25,-10396324,1,0
70,26,-13422549,1,0
70,27,-13093839,1,0
70,28,-12173248,1,0
70,29,-13687517,1,0
70,30,-12897487,1,0
70,31,-12237758,1,0
70,32,-14212316,1,0
70,33,-12633286,1,0
70,34,-14607076,1,0
70,35,-13225936,1,0
70,36,-12305864,1,0
70,37,-13620440,1,0
70,38,-13423313,1,0
70,39,-12566466,1,0
71,0,-12566723,1,0
71,1,-12303551,1,0
71,2,-14015450,1,0
71,3,-12962253,1,0
71,4,-11383730,1,0
71,5,-13948369,1,0
71,6,-12565953,1,0
71,7,-10788511,1,0
71,8,-13684693,1,0
71,9,-13881297,1,0
71,10,-11380909,1,0
71,11,-11841714,1,0
71,12,-12106944,1,0
71,13,-13816790,1,0
71,14,-13292246,1,0
71,15,-13751000,1,0
71,16,-11579571,1,0
71,17,-11842739,1,0
71,18,-13816790,1,0
71,19,-14082526,1,0
71,20,-11580082,1,0
71,21,-12501952,1,0
71,22,-11251635,1,0
71,23,-12108225,1,0
71,24,-12106422,1,0
71,25,-12765131,1,0
71,26,-14408927,1,0
71,27,-11316145,1,0
71,28,-13028304,1,0
71,29,-13488595,1,0
71,30,-12369085,1,0
71,31,-12368572,1,0
71,32,-13881811,1,0
71,33,-13290446,1,0
71,34,-13622236,1,0
71,35,-11908795,1,0
71,36,-12633288,1,0
71,37,-13225683,1,0
71,38,-11645360,1,0
71,39,-11250606,1,0
72,0,-12897487,1,0
72,1,-14804455,1,0
72,2,-11185324,1,0
72,3,-13290698,1,0
72,4,-13884642,1,0
72,5,-12828607,1,0
72,6,-10920610,1,0
72,7,-11711155,1,0
72,8,-11711668,1,0
72,9,-12237760,1,0
72,10,-11513776,1,0
72,11,-11580080,1,0
72,12,-10132123,1,0
72,13,-14474722,1,0
72,14,-10461601,1,0
72,15,-10987691,1,0
72,16,-12105651,1,0
72,17,-12697537,1,0
72,18,-11183782,1,0
72,19,-14343388,1,0
72,20,-12961222,1,0
72,21,-12894918,1,0
72,22,-11842230,1,0
72,23,-13028304,1,0
72,24,-12368574,1,0
72,25,-14013401,1,0
72,26,-12304830,1,0
72,27,-11121587,1,0
72,28,-11712443,1,0
72,29,-11185324,1,0
72,30,-13223881,1,0
72,31,-13489108,1,0
72,32,-14082272,1,0
72,33,-12371397,1,0
72,34,-10528160,1,0
72,35,-11580598,1,0
72,36,-12566725,1,0
72,37,-12829887,1,0
72,38,-11251635,1,0
72,39,-13950686,1,0
73,0,-10921898,1,0
73,1,-10921641,1,0
73,2,-12435391,1,0
73,3,-12172994,1,0
73,4,-12240068,1,0
73,5,-13027013,1,0
73,6,-13487307,1,0
73,7,-11381163,1,0
73,8,-10986919,1,0
73,9,-12501698,1,0
73,10,-14409177,1,0
73,11,-13554388,1,0
73,12,-11909045,1,0
73,13,-11514287,1,0
73,14,-11447731,1,0
73,15,-12895942,1,0
73,16,-12831178,1,0
73,17,-12829384,1,0
73,18,-13158088,1,0
73,19,-11381938,1,0
73,20,-13290698,1,0
73,21,-14276823,1,0
73,22,-10265247,1,0
73,23,-13487818,1,0
73,24,-11514807,1,0
73,25,-14079701,1,0
73,26,-14803687,1,0
73,27,-12697798,1,0
73,28,-12172219,1,0
73,29,-13224394,1,0
73,30,-12434880,1,0
73,31,-11249062,1,0
73,32,-13356493,1,0
73,33,-12040379,1,0
73,34,-12500158,1,0
73,35,-12566212,1,0
73,36,-11514805,1,0
73,37,-12566212,1,0
73,38,-14671842,1,0
73,39,-13488079,1,0
74,0,-11185070,1,0
74,1,-13817812,1,0
74,2,-13358803,1,0
74,3,-10658728,1,0
74,4,-11250865,1,0
74,5,-11974586,1,0
74,6,-13422286,1,0
74,7,-13290185,1,0
74,8,-10857905,1,0
74,9,-13027791,1,0
74,10,-14607076,1,0
74,11,-13225936,1,0
74,12,-12436418,1,0
74,13,-13291468,1,0
74,14,-13423313,1,0
74,15,-12565951,1,0
74,16,-13358292,1,0
74,17,-13489108,1,0
74,18,-13027526,1,0
74,19,-10985120,1,0
74,20,-10527392,1,0
74,21,-11711155,1,0
74,22,-12435387,1,0
74,23,-12106940,1,0
74,24,-13950686,1,0
74,25,-9869210,1,0
74,26,-10197914,1,0
74,27,-11645110,1,0
74,28,-14539741,1,0
74,29,-11842741,1,0
74,30,-14343388,1,0
74,31,-12368574,1,0
74,32,-11579056,1,0
74,33,-10528162,1,0
74,34,-13619150,1,0
74,35,-11053227,1,0
74,36,-10856873,1,0
74,37,-10659243,1,0
74,38,-10593705,1,0
74,39,-11579830,1,0
75,0,-13620443,1,0
75,1,-12304834,1,0
75,2,-13949659,1,0
75,3,-14474209,1,0
75,4,-11908536,1,0
75,5,-12895429,1,0
75,6,-13291478,1,0
75,7,-11185324,1,0
75,8,-11448496,1,0
75,9,-12762051,1,0
75,10,-12040633,1,0
75,11,-14213347,1,0
75,12,-13884382,1,0
75,13,-12040122,1,0
75,14,-11909047,1,0
75,15,-11316145,1,0
75,16,-11909045,1,0
75,17,-12827326,1,0
75,18,-13094350,1,0
75,19,-14212318,1,0
75,20,-12501950,1,0
75,21,-12566725,1,0
75,22,-11712182,1,0
75,23,-12304834,1,0
75,24,-11777210,1,0
75,25,-12963791,1,0
75,26,-13290700,1,0
75,27,-12041149,1,0
75,28,-12763330,1,0
75,29,-12041151,1,0
75,30,-12962762,1,0
75,31,-13092808,1,0
75,32,-13420746,1,0
75,33,-11776946,1,0
75,34,-13026502,1,0
75,35,-11580082,1,0
75,36,-10396324,1,0
75,37,-11385019,1,0
75,38,-12501959,1,0
75,39,-12829895,1,0
76,0,-12434878,1,0
76,1,-14672353,1,0
76,2,-14475488,1,0
76,3,-11382449,1,0
76,4,-12830917,1,0
76,5,-14211548,1,0
76,6,-13884383,1,0
76,7,-11908536,1,0
76,8,-10921130,1,0
76,9,-10134441,1,0
76,10,-11514027,1,0
76,11,-10791341,1,0
76,12,-12830665,1,0
76,13,-10593185,1,0
76,14,-13883100,1,0
76,15,-10987691,1,0
76,16,-12236986,1,0
76,17,-13224903,1,0
76,18,-11711414,1,0
76,19,-12041927,1,0
76,20,-13818071,1,0
76,21,-13750227,1,0
76,22,-13488079,1,0
76,23,-14936041,1,0
76,24,-10330529,1,0
76,25,-13160911,1,0
76,26,-12171967,1,0
76,27,-10988461,1,0
76,28,-12239041,1,0
76,29,-11249575,1,0
76,30,-13224135,1,0
76,31,-11842741,1,0
76,32,-13752280,1,0
76,33,-13357268,1,0
76,34,-12698561,1,0
76,35,-11712182,1,0
76,36,-9342868,1,0
76,37,-15000807,1,0
76,38,-14277595,1,0
76,39,-13488077,1,0
77,0,-13620944,1,0
77,1,-11911105,1,0
77,2,-10790061,1,0
77,3,-11316138,1,0
77,4,-11513776,1,0
77,5,-12764095,1,0
77,6,-12763330,1,0
77,7,-14406356,1,0
77,8,-12632766,1,0
77,9,-13026502,1,0
77,10,-13686750,1,0
77,11,-12698312,1,0
77,12,-14013397,1,0
77,13,-11317424,1,0
77,14,-11316910,1,0
77,15,-14606560,1,0
77,16,-11778229,1,0
77,17,-13423054,1,0
77,18,-10858928,1,0
77,19,-12105400,1,0
77,20,-12829127,1,0
77,21,-14212831,1,0
77,22,-12501698,1,0
77,23,-10922668,1,0
77,24,-13753310,1,0
77,25,-13422286,1,0
77,26,-11711414,1,0
77,27,-14212320,1,0
77,28,-11909561,1,0
77,29,-12961220,1,0
77,30,-10724519,1,0
77,31,-13750746,1,0
77,32,-13423064,1,0
77,33,-12501698,1,0
77,34,-13883100,1,0
77,35,-10394784,1,0
77,36,-14409181,1,0
77,37,-10198429,1,0
77,38,-10855594,1,0
77,39,-13685458,1,0
78,0,-13488342,1,0
78,1,-13291727,1,0
78,2,-11447985,1,0
78,3,-10922152,1,0
78,4,-11844283,1,0
78,5,-11447981,1,0
78,6,-11843768,1,0
78,7,-9406860,1,0
78,8,-14408927,1,0
78,9,-12765383,1,0
78,10,-11840179,1,0
78,11,-11776439,1,0
78,12,-13948628,1,0
78,13,-14474461,1,0
78,14,-12368572,1,0
78,15,-11185842,1,0
78,16,-13751249,1,0
78,17,-10526881,1,0
78,18,-13621462,1,0
78,19,-12105915,1,0
78,20,-13950175,1,0
78,21,-13685721,1,0
78,22,-12435387,1,0
78,23,-13817560,1,0
78,24,-13029323,1,0
78,25,-13357007,1,0
78,26,-11053484,1,0
78,27,-10263711,1,0
78,28,-13290439,1,0
78,29,-11119016,1,0
78,30,-13355980,1,0
78,31,-11251635,1,0
78,32,-14211289,1,0
78,33,-13882072,1,0
78,34,-14278624,1,0
78,35,-13554648,1,0
78,36,-11712182,1,0
78,37,-12108223,1,0
78,38,-10922148,1,0
78,39,-10198178,1,0
79,0,-13026756,1,0
79,1,-13357259,1,0
79,2,-14013397,1,0
79,3,-12567493,1,0
79,4,-10989740,1,0
79,5,-13224655,1,0
79,6,-13092297,1,0
79,7,-11578027,1,0
79,8,-13815504,1,0
79,9,-11316138,1,0
79,10,-13816533,1,0
79,11,-11645364,1,0
79,12,-14079190,1,0
79,13,-12106426,1,0
79,14,-13620431,1,0
79,15,-11645110,1,0
79,16,-12236211,1,0
79,17,-13883353,1,0
79,18,-11316397,1,0
79,19,-11973814,1,0
79,20,-11778236,1,0
79,21,-13816790,1,0
79,22,-13290700,1,0
79,23,-11842230,1,0
79,24,-11580850,1,0
79,25,-13028046,1,0
79,26,-12237499,1,0
79,27,-10855333,1,0
79,28,-13159632,1,0
79,29,-10133150,1,0
79,30,-12698048,1,0
79,31,-11843770,1,0
79,32,-13027528,1,0
79,33,-13948379,1,0
79,34,-11382451,1,0
79,35,-12303290,1,0
79,36,-13225423,1,0
79,37,-12766155,1,0
79,38,-11977409,1,0
79,39,-13622750,1,0

